Sample	0	1	2	3	4	5	6	7	8	9	10	11	12	13	14	15	16	17	18	19	20	21	22	23	24	25
ERR950158_1_val_1	(50, 117600.0)	(52, 142725.0)	(54, 147923.0)	(56, 170792.0)	(58, 191807.0)	(60, 218862.0)	(62, 228388.0)	(64, 255607.0)	(66, 288242.0)	(68, 327033.0)	(70, 384072.0)	(72, 382754.0)	(74, 432981.0)	(76, 467809.0)	(78, 489987.0)	(80, 534375.0)	(82, 561173.0)	(84, 606787.0)	(86, 697887.0)	(88, 758413.0)	(90, 899148.0)	(92, 1085487.0)	(94, 1526898.0)	(96, 2145510.0)	(98, 5120340.0)	(100, 16633237.0)
ERR950158_2_val_2	(50, 143774.0)	(52, 159539.0)	(54, 164205.0)	(56, 181850.0)	(58, 206802.0)	(60, 232358.0)	(62, 241224.0)	(64, 270423.0)	(66, 291952.0)	(68, 338147.0)	(70, 379335.0)	(72, 376251.0)	(74, 426505.0)	(76, 428645.0)	(78, 468137.0)	(80, 576676.0)	(82, 505707.0)	(84, 538083.0)	(86, 617752.0)	(88, 675587.0)	(90, 777287.0)	(92, 912876.0)	(94, 1216184.0)	(96, 1700861.0)	(98, 4529505.0)	(100, 18456172.0)
ERR950159_1_val_1	(50, 62317.0)	(52, 77028.0)	(54, 83743.0)	(56, 103064.0)	(58, 122380.0)	(60, 151659.0)	(62, 158433.0)	(64, 180867.0)	(66, 201606.0)	(68, 232735.0)	(70, 289296.0)	(72, 299096.0)	(74, 333531.0)	(76, 361711.0)	(78, 394054.0)	(80, 422329.0)	(82, 451589.0)	(84, 510654.0)	(86, 586226.0)	(88, 646771.0)	(90, 744357.0)	(92, 827108.0)	(94, 1077508.0)	(96, 1453879.0)	(98, 2922411.0)	(100, 7445664.0)
ERR950159_2_val_2	(50, 73382.0)	(52, 77047.0)	(54, 74898.0)	(56, 85162.0)	(58, 100129.0)	(60, 116664.0)	(62, 119702.0)	(64, 132796.0)	(66, 146640.0)	(68, 173473.0)	(70, 208023.0)	(72, 202555.0)	(74, 233247.0)	(76, 236130.0)	(78, 271998.0)	(80, 384540.0)	(82, 284943.0)	(84, 325102.0)	(86, 386542.0)	(88, 409749.0)	(90, 486703.0)	(92, 569842.0)	(94, 753005.0)	(96, 1058930.0)	(98, 2891101.0)	(100, 10337713.0)
ERR950160_1_val_1	(50, 90516.0)	(52, 108334.0)	(54, 120104.0)	(56, 131790.0)	(58, 143412.0)	(60, 171191.0)	(62, 174893.0)	(64, 204753.0)	(66, 229743.0)	(68, 256740.0)	(70, 326195.0)	(72, 308632.0)	(74, 352648.0)	(76, 375103.0)	(78, 395211.0)	(80, 462454.0)	(82, 496221.0)	(84, 570948.0)	(86, 683073.0)	(88, 720599.0)	(90, 842125.0)	(92, 990339.0)	(94, 1369700.0)	(96, 2016712.0)	(98, 4671847.0)	(100, 12833062.0)
ERR950160_2_val_2	(50, 114744.0)	(52, 127524.0)	(54, 133953.0)	(56, 141483.0)	(58, 157970.0)	(60, 181903.0)	(62, 184568.0)	(64, 213792.0)	(66, 233187.0)	(68, 262126.0)	(70, 315677.0)	(72, 299580.0)	(74, 352924.0)	(76, 347531.0)	(78, 378059.0)	(80, 456617.0)	(82, 414279.0)	(84, 456269.0)	(86, 546748.0)	(88, 584886.0)	(90, 698165.0)	(92, 824819.0)	(94, 1083989.0)	(96, 1474202.0)	(98, 4093804.0)	(100, 14967546.0)
ERR950161_1_val_1	(50, 227350.0)	(52, 259935.0)	(54, 274714.0)	(56, 302266.0)	(58, 318515.0)	(60, 347797.0)	(62, 354628.0)	(64, 392813.0)	(66, 413955.0)	(68, 455141.0)	(70, 565310.0)	(72, 503629.0)	(74, 557194.0)	(76, 576484.0)	(78, 583287.0)	(80, 641914.0)	(82, 647499.0)	(84, 682253.0)	(86, 772163.0)	(88, 814573.0)	(90, 948575.0)	(92, 1123222.0)	(94, 1511761.0)	(96, 2072726.0)	(98, 4931553.0)	(100, 16038771.0)
ERR950161_2_val_2	(50, 241034.0)	(52, 267363.0)	(54, 279367.0)	(56, 300844.0)	(58, 317632.0)	(60, 345095.0)	(62, 350977.0)	(64, 384667.0)	(66, 404354.0)	(68, 458475.0)	(70, 551325.0)	(72, 476723.0)	(74, 525972.0)	(76, 516593.0)	(78, 533250.0)	(80, 612368.0)	(82, 552977.0)	(84, 580668.0)	(86, 654385.0)	(88, 684009.0)	(90, 768723.0)	(92, 863215.0)	(94, 1089901.0)	(96, 1501528.0)	(98, 4334661.0)	(100, 18721922.0)
ERR950162_1_val_1	(50, 214126.0)	(52, 275258.0)	(54, 324596.0)	(56, 318165.0)	(58, 301522.0)	(60, 371355.0)	(62, 305494.0)	(64, 370663.0)	(66, 399925.0)	(68, 442323.0)	(70, 613933.0)	(72, 551794.0)	(74, 624699.0)	(76, 597383.0)	(78, 574046.0)	(80, 701902.0)	(82, 705140.0)	(84, 786842.0)	(86, 994857.0)	(88, 992201.0)	(90, 1196285.0)	(92, 1352250.0)	(94, 1737351.0)	(96, 2154439.0)	(98, 4594695.0)	(100, 13443413.0)
ERR950162_2_val_2	(50, 262902.0)	(52, 297228.0)	(54, 342112.0)	(56, 330646.0)	(58, 330013.0)	(60, 390272.0)	(62, 326390.0)	(64, 372913.0)	(66, 391004.0)	(68, 446189.0)	(70, 592391.0)	(72, 539519.0)	(74, 623198.0)	(76, 557276.0)	(78, 622403.0)	(80, 1021449.0)	(82, 617185.0)	(84, 675842.0)	(86, 889333.0)	(88, 851509.0)	(90, 1054359.0)	(92, 1194190.0)	(94, 1429974.0)	(96, 1652777.0)	(98, 4496183.0)	(100, 14637400.0)
ERR950163_1_val_1	(50, 79237.0)	(52, 89028.0)	(54, 98543.0)	(56, 110946.0)	(58, 121348.0)	(60, 136223.0)	(62, 149299.0)	(64, 176866.0)	(66, 189847.0)	(68, 204951.0)	(70, 243125.0)	(72, 242575.0)	(74, 283555.0)	(76, 296809.0)	(78, 316620.0)	(80, 354072.0)	(82, 385527.0)	(84, 441687.0)	(86, 513098.0)	(88, 552390.0)	(90, 636221.0)	(92, 755065.0)	(94, 1027921.0)	(96, 1534897.0)	(98, 3496498.0)	(100, 9612811.0)
ERR950163_2_val_2	(50, 101501.0)	(52, 106035.0)	(54, 111916.0)	(56, 123166.0)	(58, 135940.0)	(60, 150435.0)	(62, 162013.0)	(64, 188787.0)	(66, 196999.0)	(68, 213784.0)	(70, 241445.0)	(72, 245012.0)	(74, 288931.0)	(76, 287152.0)	(78, 314837.0)	(80, 379718.0)	(82, 335744.0)	(84, 383280.0)	(86, 440412.0)	(88, 476457.0)	(90, 553493.0)	(92, 652597.0)	(94, 838898.0)	(96, 1162624.0)	(98, 3054168.0)	(100, 10903815.0)
ERR950164_1_val_1	(50, 57965.0)	(52, 65052.0)	(54, 72416.0)	(56, 79383.0)	(58, 84333.0)	(60, 95869.0)	(62, 101714.0)	(64, 116258.0)	(66, 129766.0)	(68, 141073.0)	(70, 169558.0)	(72, 167210.0)	(74, 190491.0)	(76, 202705.0)	(78, 216861.0)	(80, 250876.0)	(82, 271524.0)	(84, 312182.0)	(86, 373227.0)	(88, 404765.0)	(90, 470087.0)	(92, 570707.0)	(94, 787686.0)	(96, 1217152.0)	(98, 2894969.0)	(100, 7810056.0)
ERR950164_2_val_2	(50, 72163.0)	(52, 75441.0)	(54, 80713.0)	(56, 85976.0)	(58, 92677.0)	(60, 102886.0)	(62, 107458.0)	(64, 121778.0)	(66, 131501.0)	(68, 144593.0)	(70, 166348.0)	(72, 164050.0)	(74, 193917.0)	(76, 193285.0)	(78, 213997.0)	(80, 271018.0)	(82, 230929.0)	(84, 254909.0)	(86, 302263.0)	(88, 333397.0)	(90, 393720.0)	(92, 477555.0)	(94, 619512.0)	(96, 873015.0)	(98, 2462756.0)	(100, 9088028.0)
ERR950165_1_val_1	(50, 58918.0)	(52, 71120.0)	(54, 78313.0)	(56, 86339.0)	(58, 96328.0)	(60, 110452.0)	(62, 115148.0)	(64, 136134.0)	(66, 148254.0)	(68, 165721.0)	(70, 206430.0)	(72, 200176.0)	(74, 234098.0)	(76, 250987.0)	(78, 260933.0)	(80, 299302.0)	(82, 314917.0)	(84, 340435.0)	(86, 398578.0)	(88, 442461.0)	(90, 534853.0)	(92, 669181.0)	(94, 959299.0)	(96, 1416114.0)	(98, 3510332.0)	(100, 10989787.0)
ERR950165_2_val_2	(50, 69213.0)	(52, 77086.0)	(54, 82873.0)	(56, 88588.0)	(58, 97424.0)	(60, 111402.0)	(62, 115977.0)	(64, 134762.0)	(66, 143904.0)	(68, 168115.0)	(70, 199494.0)	(72, 185799.0)	(74, 215932.0)	(76, 217205.0)	(78, 231720.0)	(80, 282586.0)	(82, 260520.0)	(84, 285325.0)	(86, 331529.0)	(88, 363942.0)	(90, 423761.0)	(92, 500476.0)	(94, 669176.0)	(96, 987891.0)	(98, 2968003.0)	(100, 12881907.0)
ERR950166_1_val_1	(50, 78438.0)	(52, 91988.0)	(54, 106327.0)	(56, 124066.0)	(58, 141881.0)	(60, 164713.0)	(62, 181169.0)	(64, 211655.0)	(66, 229667.0)	(68, 253427.0)	(70, 303328.0)	(72, 307763.0)	(74, 357504.0)	(76, 384789.0)	(78, 428966.0)	(80, 457382.0)	(82, 489110.0)	(84, 545407.0)	(86, 618259.0)	(88, 684858.0)	(90, 787028.0)	(92, 934050.0)	(94, 1221632.0)	(96, 1677665.0)	(98, 3604300.0)	(100, 10723284.0)
ERR950166_2_val_2	(50, 89406.0)	(52, 93203.0)	(54, 101218.0)	(56, 111555.0)	(58, 126917.0)	(60, 140659.0)	(62, 153509.0)	(64, 178310.0)	(66, 184077.0)	(68, 209277.0)	(70, 238544.0)	(72, 229857.0)	(74, 274323.0)	(76, 270851.0)	(78, 302444.0)	(80, 378671.0)	(82, 338963.0)	(84, 378469.0)	(86, 429342.0)	(88, 467664.0)	(90, 548846.0)	(92, 673654.0)	(94, 888579.0)	(96, 1272843.0)	(98, 3490479.0)	(100, 13536996.0)
ERR950167_1_val_1	(50, 152778.0)	(52, 207976.0)	(54, 171753.0)	(56, 202825.0)	(58, 221990.0)	(60, 272822.0)	(62, 226495.0)	(64, 274979.0)	(66, 304931.0)	(68, 342418.0)	(70, 504564.0)	(72, 479678.0)	(74, 505096.0)	(76, 536263.0)	(78, 501470.0)	(80, 565938.0)	(82, 567460.0)	(84, 628617.0)	(86, 786699.0)	(88, 884293.0)	(90, 944010.0)	(92, 973589.0)	(94, 1443369.0)	(96, 1910843.0)	(98, 4295955.0)	(100, 13556548.0)
ERR950167_2_val_2	(50, 169775.0)	(52, 210922.0)	(54, 176623.0)	(56, 197558.0)	(58, 226857.0)	(60, 267081.0)	(62, 223233.0)	(64, 259056.0)	(66, 283809.0)	(68, 335995.0)	(70, 475247.0)	(72, 430406.0)	(74, 460799.0)	(76, 457016.0)	(78, 473477.0)	(80, 695619.0)	(82, 475024.0)	(84, 523815.0)	(86, 682799.0)	(88, 765276.0)	(90, 766130.0)	(92, 756179.0)	(94, 1037490.0)	(96, 1324247.0)	(98, 3939925.0)	(100, 15849001.0)
ERR950168_1_val_1	(50, 82749.0)	(52, 103489.0)	(54, 108585.0)	(56, 123835.0)	(58, 130671.0)	(60, 157245.0)	(62, 159022.0)	(64, 180960.0)	(66, 192728.0)	(68, 223444.0)	(70, 284655.0)	(72, 279815.0)	(74, 310808.0)	(76, 329503.0)	(78, 334256.0)	(80, 386309.0)	(82, 403437.0)	(84, 443902.0)	(86, 541846.0)	(88, 576450.0)	(90, 695425.0)	(92, 816053.0)	(94, 1139451.0)	(96, 1611802.0)	(98, 3796777.0)	(100, 10456574.0)
ERR950168_2_val_2	(50, 89767.0)	(52, 104285.0)	(54, 108341.0)	(56, 120681.0)	(58, 127937.0)	(60, 150438.0)	(62, 154147.0)	(64, 171431.0)	(66, 180426.0)	(68, 219967.0)	(70, 252942.0)	(72, 251615.0)	(74, 283136.0)	(76, 282136.0)	(78, 309188.0)	(80, 421165.0)	(82, 347852.0)	(84, 381847.0)	(86, 436159.0)	(88, 456423.0)	(90, 566093.0)	(92, 656301.0)	(94, 874285.0)	(96, 1194580.0)	(98, 3541957.0)	(100, 12186692.0)
ERR950169_1_val_1	(50, 129681.0)	(52, 151480.0)	(54, 164536.0)	(56, 200896.0)	(58, 226286.0)	(60, 268902.0)	(62, 287056.0)	(64, 329282.0)	(66, 361416.0)	(68, 410086.0)	(70, 504151.0)	(72, 548012.0)	(74, 584913.0)	(76, 670090.0)	(78, 661360.0)	(80, 702246.0)	(82, 750956.0)	(84, 831916.0)	(86, 959778.0)	(88, 1020773.0)	(90, 1152007.0)	(92, 1278877.0)	(94, 1618008.0)	(96, 2197564.0)	(98, 4430469.0)	(100, 10698944.0)
ERR950169_2_val_2	(50, 131623.0)	(52, 142811.0)	(54, 142302.0)	(56, 162026.0)	(58, 182285.0)	(60, 213443.0)	(62, 217569.0)	(64, 244261.0)	(66, 270571.0)	(68, 309733.0)	(70, 365747.0)	(72, 389380.0)	(74, 430527.0)	(76, 471688.0)	(78, 457999.0)	(80, 525434.0)	(82, 503711.0)	(84, 545227.0)	(86, 646580.0)	(88, 673138.0)	(90, 780164.0)	(92, 899144.0)	(94, 1170939.0)	(96, 1633840.0)	(98, 4233941.0)	(100, 15395602.0)
ERR950170_1_val_1	(50, 97283.0)	(52, 117301.0)	(54, 135103.0)	(56, 148090.0)	(58, 170429.0)	(60, 203758.0)	(62, 210079.0)	(64, 243229.0)	(66, 264765.0)	(68, 293543.0)	(70, 385478.0)	(72, 357971.0)	(74, 403432.0)	(76, 445027.0)	(78, 486441.0)	(80, 534570.0)	(82, 555324.0)	(84, 626198.0)	(86, 717219.0)	(88, 811178.0)	(90, 922712.0)	(92, 1066884.0)	(94, 1400861.0)	(96, 1882502.0)	(98, 3937922.0)	(100, 10883498.0)
ERR950170_2_val_2	(50, 117190.0)	(52, 127479.0)	(54, 132216.0)	(56, 138891.0)	(58, 158760.0)	(60, 180911.0)	(62, 182341.0)	(64, 206902.0)	(66, 222199.0)	(68, 247766.0)	(70, 314974.0)	(72, 278987.0)	(74, 318881.0)	(76, 322323.0)	(78, 347110.0)	(80, 425959.0)	(82, 379734.0)	(84, 432530.0)	(86, 515922.0)	(88, 538078.0)	(90, 645835.0)	(92, 771969.0)	(94, 1025675.0)	(96, 1465697.0)	(98, 3919455.0)	(100, 13883013.0)
ERR950171_1_val_1	(50, 157930.0)	(52, 180390.0)	(54, 202243.0)	(56, 233200.0)	(58, 256930.0)	(60, 293216.0)	(62, 306639.0)	(64, 352225.0)	(66, 388141.0)	(68, 429982.0)	(70, 513821.0)	(72, 515150.0)	(74, 588421.0)	(76, 631139.0)	(78, 688536.0)	(80, 750458.0)	(82, 797018.0)	(84, 900879.0)	(86, 1036190.0)	(88, 1127672.0)	(90, 1263957.0)	(92, 1504206.0)	(94, 1907474.0)	(96, 2648273.0)	(98, 5433988.0)	(100, 14495794.0)
ERR950171_2_val_2	(50, 176948.0)	(52, 186750.0)	(54, 194112.0)	(56, 210534.0)	(58, 231655.0)	(60, 251953.0)	(62, 258772.0)	(64, 292716.0)	(66, 320451.0)	(68, 352211.0)	(70, 398870.0)	(72, 389512.0)	(74, 455964.0)	(76, 451898.0)	(78, 496144.0)	(80, 644016.0)	(82, 541822.0)	(84, 585639.0)	(86, 689804.0)	(88, 741054.0)	(90, 867603.0)	(92, 1071954.0)	(94, 1389376.0)	(96, 1989816.0)	(98, 5477308.0)	(100, 18936990.0)
ERR950172_1_val_1	(50, 98632.0)	(52, 124710.0)	(54, 129063.0)	(56, 137983.0)	(58, 144295.0)	(60, 167376.0)	(62, 161549.0)	(64, 178495.0)	(66, 201153.0)	(68, 219628.0)	(70, 257066.0)	(72, 269528.0)	(74, 313084.0)	(76, 311336.0)	(78, 324165.0)	(80, 375297.0)	(82, 395092.0)	(84, 452100.0)	(86, 538162.0)	(88, 561856.0)	(90, 649016.0)	(92, 792393.0)	(94, 1033542.0)	(96, 1522847.0)	(98, 3505392.0)	(100, 9529317.0)
ERR950172_2_val_2	(50, 119600.0)	(52, 139196.0)	(54, 140223.0)	(56, 146119.0)	(58, 154188.0)	(60, 176688.0)	(62, 168796.0)	(64, 184645.0)	(66, 202607.0)	(68, 223047.0)	(70, 249561.0)	(72, 266439.0)	(74, 316881.0)	(76, 296319.0)	(78, 328590.0)	(80, 453338.0)	(82, 341313.0)	(84, 371718.0)	(86, 445486.0)	(88, 472050.0)	(90, 557920.0)	(92, 681609.0)	(94, 845867.0)	(96, 1123038.0)	(98, 3118995.0)	(100, 10868844.0)
ERR950173_1_val_1	(50, 31998.0)	(52, 38780.0)	(54, 44099.0)	(56, 47458.0)	(58, 53728.0)	(60, 63911.0)	(62, 65751.0)	(64, 75725.0)	(66, 84910.0)	(68, 95649.0)	(70, 120415.0)	(72, 120068.0)	(74, 139868.0)	(76, 154145.0)	(78, 163776.0)	(80, 196896.0)	(82, 211141.0)	(84, 233786.0)	(86, 287635.0)	(88, 323712.0)	(90, 415485.0)	(92, 532969.0)	(94, 810700.0)	(96, 1249047.0)	(98, 3204816.0)	(100, 10168441.0)
ERR950173_2_val_2	(50, 44195.0)	(52, 47119.0)	(54, 51207.0)	(56, 52839.0)	(58, 58913.0)	(60, 67409.0)	(62, 70702.0)	(64, 79585.0)	(66, 85514.0)	(68, 102084.0)	(70, 118849.0)	(72, 111562.0)	(74, 128852.0)	(76, 128332.0)	(78, 143939.0)	(80, 193952.0)	(82, 169043.0)	(84, 189612.0)	(86, 233123.0)	(88, 262905.0)	(90, 322966.0)	(92, 395055.0)	(94, 551255.0)	(96, 847084.0)	(98, 2788006.0)	(100, 11690807.0)
ERR950174_1_val_1	(50, 53037.0)	(52, 64748.0)	(54, 76003.0)	(56, 81244.0)	(58, 88233.0)	(60, 112543.0)	(62, 111298.0)	(64, 124279.0)	(66, 145647.0)	(68, 167174.0)	(70, 215705.0)	(72, 214400.0)	(74, 236393.0)	(76, 267935.0)	(78, 281780.0)	(80, 329878.0)	(82, 348185.0)	(84, 382082.0)	(86, 486322.0)	(88, 543280.0)	(90, 658949.0)	(92, 801174.0)	(94, 1157209.0)	(96, 1713492.0)	(98, 4093137.0)	(100, 11280589.0)
ERR950174_2_val_2	(50, 58540.0)	(52, 64577.0)	(54, 72183.0)	(56, 75967.0)	(58, 83792.0)	(60, 98513.0)	(62, 100669.0)	(64, 112486.0)	(66, 128429.0)	(68, 158465.0)	(70, 177770.0)	(72, 176674.0)	(74, 201278.0)	(76, 205767.0)	(78, 243281.0)	(80, 352414.0)	(82, 275928.0)	(84, 301596.0)	(86, 364778.0)	(88, 399697.0)	(90, 492374.0)	(92, 598218.0)	(94, 814913.0)	(96, 1211072.0)	(98, 3682505.0)	(100, 13582830.0)
ERR950175_1_val_1	(50, 80868.0)	(52, 115330.0)	(54, 104061.0)	(56, 131198.0)	(58, 152057.0)	(60, 205476.0)	(62, 196571.0)	(64, 220961.0)	(66, 244288.0)	(68, 276521.0)	(70, 333899.0)	(72, 361258.0)	(74, 403041.0)	(76, 440720.0)	(78, 483621.0)	(80, 530191.0)	(82, 565471.0)	(84, 631836.0)	(86, 748565.0)	(88, 824487.0)	(90, 972917.0)	(92, 1064976.0)	(94, 1409355.0)	(96, 1883351.0)	(98, 3823935.0)	(100, 10198764.0)
ERR950175_2_val_2	(50, 103533.0)	(52, 125018.0)	(54, 101953.0)	(56, 118640.0)	(58, 136180.0)	(60, 177926.0)	(62, 168293.0)	(64, 178474.0)	(66, 195822.0)	(68, 227103.0)	(70, 251817.0)	(72, 270095.0)	(74, 309110.0)	(76, 313015.0)	(78, 359334.0)	(80, 468393.0)	(82, 384801.0)	(84, 432995.0)	(86, 532798.0)	(88, 549367.0)	(90, 691023.0)	(92, 781532.0)	(94, 1067591.0)	(96, 1492579.0)	(98, 3954995.0)	(100, 13011331.0)
ERR950176_1_val_1	(50, 98578.0)	(52, 125326.0)	(54, 119650.0)	(56, 127081.0)	(58, 140190.0)	(60, 184848.0)	(62, 163666.0)	(64, 189367.0)	(66, 226649.0)	(68, 276908.0)	(70, 496793.0)	(72, 326213.0)	(74, 349920.0)	(76, 404518.0)	(78, 371808.0)	(80, 448263.0)	(82, 414597.0)	(84, 497964.0)	(86, 594329.0)	(88, 644447.0)	(90, 803851.0)	(92, 836777.0)	(94, 1176922.0)	(96, 1448059.0)	(98, 3013925.0)	(100, 9535287.0)
ERR950176_2_val_2	(50, 115116.0)	(52, 122417.0)	(54, 108620.0)	(56, 110035.0)	(58, 123927.0)	(60, 152103.0)	(62, 130402.0)	(64, 140481.0)	(66, 164409.0)	(68, 214327.0)	(70, 421873.0)	(72, 232492.0)	(74, 257444.0)	(76, 270563.0)	(78, 263368.0)	(80, 539669.0)	(82, 269898.0)	(84, 308110.0)	(86, 426310.0)	(88, 428357.0)	(90, 563789.0)	(92, 618100.0)	(94, 801767.0)	(96, 962005.0)	(98, 3296255.0)	(100, 11974099.0)
ERR950177_1_val_1	(50, 69823.0)	(52, 89052.0)	(54, 79447.0)	(56, 87984.0)	(58, 99279.0)	(60, 124317.0)	(62, 126245.0)	(64, 130613.0)	(66, 152202.0)	(68, 174034.0)	(70, 243779.0)	(72, 208660.0)	(74, 227196.0)	(76, 246692.0)	(78, 253853.0)	(80, 320449.0)	(82, 332797.0)	(84, 396801.0)	(86, 473051.0)	(88, 505221.0)	(90, 631631.0)	(92, 770652.0)	(94, 1055094.0)	(96, 1518759.0)	(98, 3642609.0)	(100, 10185843.0)
ERR950177_2_val_2	(50, 97986.0)	(52, 109953.0)	(54, 96969.0)	(56, 104419.0)	(58, 117836.0)	(60, 143276.0)	(62, 146479.0)	(64, 148276.0)	(66, 166409.0)	(68, 189686.0)	(70, 247057.0)	(72, 217397.0)	(74, 245198.0)	(76, 240129.0)	(78, 272341.0)	(80, 384017.0)	(82, 288888.0)	(84, 322032.0)	(86, 389478.0)	(88, 424191.0)	(90, 546069.0)	(92, 687522.0)	(94, 858089.0)	(96, 1152253.0)	(98, 3326378.0)	(100, 11223755.0)
ERR950178_1_val_1	(50, 153907.0)	(52, 169404.0)	(54, 184953.0)	(56, 200342.0)	(58, 208711.0)	(60, 224401.0)	(62, 236807.0)	(64, 261928.0)	(66, 284173.0)	(68, 309356.0)	(70, 379037.0)	(72, 342631.0)	(74, 385353.0)	(76, 394626.0)	(78, 404137.0)	(80, 452123.0)	(82, 471995.0)	(84, 523961.0)	(86, 607454.0)	(88, 629326.0)	(90, 714864.0)	(92, 837356.0)	(94, 1099225.0)	(96, 1610001.0)	(98, 3627231.0)	(100, 9801731.0)
ERR950178_2_val_2	(50, 171325.0)	(52, 180801.0)	(54, 193142.0)	(56, 205166.0)	(58, 215966.0)	(60, 229762.0)	(62, 239912.0)	(64, 263065.0)	(66, 282137.0)	(68, 307067.0)	(70, 366471.0)	(72, 332021.0)	(74, 380303.0)	(76, 371638.0)	(78, 389779.0)	(80, 474661.0)	(82, 407654.0)	(84, 434204.0)	(86, 501296.0)	(88, 528206.0)	(90, 607352.0)	(92, 704378.0)	(94, 885838.0)	(96, 1174288.0)	(98, 3165666.0)	(100, 11502935.0)
ERR950179_1_val_1	(50, 50346.0)	(52, 59599.0)	(54, 70033.0)	(56, 73995.0)	(58, 80241.0)	(60, 94077.0)	(62, 99080.0)	(64, 110123.0)	(66, 123907.0)	(68, 144021.0)	(70, 187906.0)	(72, 172985.0)	(74, 192467.0)	(76, 214609.0)	(78, 219882.0)	(80, 252909.0)	(82, 264990.0)	(84, 290674.0)	(86, 348595.0)	(88, 384725.0)	(90, 462804.0)	(92, 563685.0)	(94, 793591.0)	(96, 1171515.0)	(98, 2769342.0)	(100, 7687721.0)
ERR950179_2_val_2	(50, 55141.0)	(52, 61047.0)	(54, 69973.0)	(56, 72595.0)	(58, 77938.0)	(60, 88864.0)	(62, 94308.0)	(64, 105626.0)	(66, 116277.0)	(68, 139772.0)	(70, 168858.0)	(72, 154358.0)	(74, 173219.0)	(76, 181202.0)	(78, 197228.0)	(80, 244776.0)	(82, 223212.0)	(84, 245790.0)	(86, 277638.0)	(88, 304520.0)	(90, 363173.0)	(92, 427091.0)	(94, 572349.0)	(96, 842009.0)	(98, 2439103.0)	(100, 9187755.0)
ERR950180_1_val_1	(50, 107745.0)	(52, 122237.0)	(54, 128778.0)	(56, 143260.0)	(58, 155102.0)	(60, 179827.0)	(62, 187333.0)	(64, 216871.0)	(66, 243681.0)	(68, 263619.0)	(70, 322373.0)	(72, 312306.0)	(74, 360327.0)	(76, 383329.0)	(78, 400280.0)	(80, 470049.0)	(82, 507595.0)	(84, 589471.0)	(86, 702176.0)	(88, 758811.0)	(90, 883000.0)	(92, 1069184.0)	(94, 1446745.0)	(96, 2168548.0)	(98, 5049766.0)	(100, 13803395.0)
ERR950180_2_val_2	(50, 139078.0)	(52, 143743.0)	(54, 146869.0)	(56, 157541.0)	(58, 173477.0)	(60, 196779.0)	(62, 202716.0)	(64, 228326.0)	(66, 250684.0)	(68, 273580.0)	(70, 318096.0)	(72, 310854.0)	(74, 370164.0)	(76, 368207.0)	(78, 415938.0)	(80, 576182.0)	(82, 437908.0)	(84, 481930.0)	(86, 573850.0)	(88, 635635.0)	(90, 762101.0)	(92, 927485.0)	(94, 1176199.0)	(96, 1597415.0)	(98, 4470038.0)	(100, 15641013.0)
ERR950181_1_val_1	(50, 99093.0)	(52, 123848.0)	(54, 139779.0)	(56, 153937.0)	(58, 171351.0)	(60, 211713.0)	(62, 217472.0)	(64, 250908.0)	(66, 271638.0)	(68, 305349.0)	(70, 385854.0)	(72, 385143.0)	(74, 420638.0)	(76, 453999.0)	(78, 482094.0)	(80, 516533.0)	(82, 543806.0)	(84, 612345.0)	(86, 703099.0)	(88, 765614.0)	(90, 871542.0)	(92, 956544.0)	(94, 1271909.0)	(96, 1676136.0)	(98, 3398814.0)	(100, 8955360.0)
ERR950181_2_val_2	(50, 114852.0)	(52, 128183.0)	(54, 133221.0)	(56, 140263.0)	(58, 157296.0)	(60, 182048.0)	(62, 186796.0)	(64, 209748.0)	(66, 223056.0)	(68, 252710.0)	(70, 309416.0)	(72, 298438.0)	(74, 330218.0)	(76, 335884.0)	(78, 356216.0)	(80, 448072.0)	(82, 376929.0)	(84, 427663.0)	(86, 507744.0)	(88, 520368.0)	(90, 615516.0)	(92, 699131.0)	(94, 922306.0)	(96, 1269487.0)	(98, 3336195.0)	(100, 11862762.0)
ERR950182_1_val_1	(50, 67350.0)	(52, 80122.0)	(54, 86109.0)	(56, 94806.0)	(58, 106317.0)	(60, 121686.0)	(62, 128585.0)	(64, 148371.0)	(66, 158278.0)	(68, 181421.0)	(70, 234028.0)	(72, 212236.0)	(74, 242945.0)	(76, 265008.0)	(78, 271533.0)	(80, 312147.0)	(82, 324400.0)	(84, 361972.0)	(86, 422097.0)	(88, 461898.0)	(90, 575281.0)	(92, 714108.0)	(94, 1058174.0)	(96, 1525319.0)	(98, 3807574.0)	(100, 12244316.0)
ERR950182_2_val_2	(50, 89268.0)	(52, 94230.0)	(54, 98618.0)	(56, 106541.0)	(58, 119438.0)	(60, 135142.0)	(62, 142811.0)	(64, 159878.0)	(66, 164770.0)	(68, 193015.0)	(70, 234891.0)	(72, 212315.0)	(74, 241125.0)	(76, 242083.0)	(78, 259631.0)	(80, 348246.0)	(82, 293038.0)	(84, 320792.0)	(86, 374291.0)	(88, 412119.0)	(90, 500358.0)	(92, 599255.0)	(94, 830710.0)	(96, 1154239.0)	(98, 3401739.0)	(100, 13477538.0)
ERR950183_1_val_1	(50, 146381.0)	(52, 152781.0)	(54, 152951.0)	(56, 183282.0)	(58, 204665.0)	(60, 218222.0)	(62, 259670.0)	(64, 295399.0)	(66, 364889.0)	(68, 381817.0)	(70, 415910.0)	(72, 446480.0)	(74, 465662.0)	(76, 515561.0)	(78, 540026.0)	(80, 599977.0)	(82, 669151.0)	(84, 736158.0)	(86, 885562.0)	(88, 947966.0)	(90, 1040835.0)	(92, 1149443.0)	(94, 1386469.0)	(96, 1951716.0)	(98, 4678664.0)	(100, 8757456.0)
ERR950183_2_val_2	(50, 167396.0)	(52, 158760.0)	(54, 150532.0)	(56, 170416.0)	(58, 181984.0)	(60, 212016.0)	(62, 241704.0)	(64, 258919.0)	(66, 295319.0)	(68, 312037.0)	(70, 345551.0)	(72, 358073.0)	(74, 428512.0)	(76, 439030.0)	(78, 487413.0)	(80, 631728.0)	(82, 481128.0)	(84, 526791.0)	(86, 616660.0)	(88, 685680.0)	(90, 789499.0)	(92, 865310.0)	(94, 1071203.0)	(96, 1409287.0)	(98, 4165011.0)	(100, 12097134.0)
ERR950184_1_val_1	(50, 84202.0)	(52, 99479.0)	(54, 116534.0)	(56, 143612.0)	(58, 166473.0)	(60, 192703.0)	(62, 209376.0)	(64, 254183.0)	(66, 254059.0)	(68, 277889.0)	(70, 323441.0)	(72, 354021.0)	(74, 401709.0)	(76, 423810.0)	(78, 510212.0)	(80, 513002.0)	(82, 556445.0)	(84, 651680.0)	(86, 704353.0)	(88, 769177.0)	(90, 852599.0)	(92, 980572.0)	(94, 1229856.0)	(96, 1743291.0)	(98, 3434826.0)	(100, 8480574.0)
ERR950184_2_val_2	(50, 89744.0)	(52, 98052.0)	(54, 102416.0)	(56, 119297.0)	(58, 133812.0)	(60, 151178.0)	(62, 160100.0)	(64, 196529.0)	(66, 187532.0)	(68, 205842.0)	(70, 228523.0)	(72, 238310.0)	(74, 276986.0)	(76, 282384.0)	(78, 344827.0)	(80, 376410.0)	(82, 343472.0)	(84, 449423.0)	(86, 481235.0)	(88, 497211.0)	(90, 565753.0)	(92, 675203.0)	(94, 868624.0)	(96, 1288821.0)	(98, 3342214.0)	(100, 12024180.0)
ERR950185_1_val_1	(50, 97802.0)	(52, 107719.0)	(54, 119577.0)	(56, 128610.0)	(58, 136685.0)	(60, 153748.0)	(62, 162355.0)	(64, 187449.0)	(66, 203396.0)	(68, 216878.0)	(70, 253650.0)	(72, 258598.0)	(74, 286218.0)	(76, 303442.0)	(78, 314964.0)	(80, 355126.0)	(82, 385906.0)	(84, 434112.0)	(86, 514747.0)	(88, 545863.0)	(90, 630412.0)	(92, 738329.0)	(94, 1039641.0)	(96, 1564924.0)	(98, 3669707.0)	(100, 9482204.0)
ERR950185_2_val_2	(50, 113244.0)	(52, 117727.0)	(54, 128021.0)	(56, 134230.0)	(58, 143528.0)	(60, 159935.0)	(62, 165620.0)	(64, 189609.0)	(66, 200119.0)	(68, 216232.0)	(70, 244790.0)	(72, 247462.0)	(74, 283764.0)	(76, 283450.0)	(78, 299463.0)	(80, 350616.0)	(82, 325092.0)	(84, 354258.0)	(86, 418800.0)	(88, 452070.0)	(90, 529977.0)	(92, 617210.0)	(94, 804238.0)	(96, 1084056.0)	(98, 3010881.0)	(100, 11417670.0)
ERR950186_1_val_1	(50, 88970.0)	(52, 107723.0)	(54, 116349.0)	(56, 133255.0)	(58, 151895.0)	(60, 182179.0)	(62, 190074.0)	(64, 221228.0)	(66, 240389.0)	(68, 270381.0)	(70, 347414.0)	(72, 324816.0)	(74, 364458.0)	(76, 396699.0)	(78, 425249.0)	(80, 465615.0)	(82, 485894.0)	(84, 549707.0)	(86, 633064.0)	(88, 688045.0)	(90, 808807.0)	(92, 929732.0)	(94, 1272361.0)	(96, 1668824.0)	(98, 3639050.0)	(100, 11387439.0)
ERR950186_2_val_2	(50, 105969.0)	(52, 112754.0)	(54, 114858.0)	(56, 124850.0)	(58, 140771.0)	(60, 163397.0)	(62, 170435.0)	(64, 191918.0)	(66, 199420.0)	(68, 230198.0)	(70, 289790.0)	(72, 252296.0)	(74, 291306.0)	(76, 286190.0)	(78, 311151.0)	(80, 429131.0)	(82, 350931.0)	(84, 387882.0)	(86, 463194.0)	(88, 484538.0)	(90, 592296.0)	(92, 710289.0)	(94, 957983.0)	(96, 1293816.0)	(98, 3736531.0)	(100, 13697723.0)
ERR950187_1_val_1	(50, 58736.0)	(52, 74626.0)	(54, 74598.0)	(56, 95666.0)	(58, 103129.0)	(60, 121677.0)	(62, 125317.0)	(64, 163286.0)	(66, 156357.0)	(68, 177428.0)	(70, 204969.0)	(72, 224701.0)	(74, 277194.0)	(76, 277198.0)	(78, 312269.0)	(80, 351409.0)	(82, 371461.0)	(84, 512063.0)	(86, 565802.0)	(88, 566871.0)	(90, 665783.0)	(92, 878671.0)	(94, 1126823.0)	(96, 1840568.0)	(98, 3984702.0)	(100, 10899590.0)
ERR950187_2_val_2	(50, 66744.0)	(52, 77985.0)	(54, 76926.0)	(56, 92072.0)	(58, 100002.0)	(60, 114972.0)	(62, 122877.0)	(64, 159151.0)	(66, 148043.0)	(68, 178749.0)	(70, 178263.0)	(72, 202287.0)	(74, 255369.0)	(76, 227563.0)	(78, 307651.0)	(80, 466818.0)	(82, 315515.0)	(84, 455883.0)	(86, 463917.0)	(88, 442169.0)	(90, 544226.0)	(92, 716863.0)	(94, 865231.0)	(96, 1257676.0)	(98, 3740820.0)	(100, 12633122.0)
