Sample	0	1	2	3	4	5	6	7	8	9	10	11	12	13	14	15
ERR950158_1_val_1	(1.0, 42.292904219320256)	(2.0, 14.487808348788892)	(3.0, 5.296415558445782)	(4.0, 2.739958530444107)	(5.0, 1.6083293449101959)	(6.0, 1.1792468172415538)	(7.0, 0.9162148617695786)	(8.0, 0.7324256714637001)	(9.0, 0.6216080796262138)	('>10', 6.478034411866805)	('>50', 2.0087790182222345)	('>100', 4.593952134501531)	('>500', 2.0269519330995767)	('>1k', 4.802172149186204)	('>5k', 2.6735423337971516)	('>10k+', 7.541656587316109)
ERR950158_2_val_2	(1.0, 46.59864598241709)	(2.0, 14.17845168263068)	(3.0, 4.84709172934779)	(4.0, 2.2112441471715907)	(5.0, 1.3054610194169451)	(6.0, 0.9415583341834942)	(7.0, 0.7065448029343682)	(8.0, 0.5486032685507991)	(9.0, 0.4511744918751094)	('>10', 5.432372020821086)	('>50', 2.0148906974039456)	('>100', 4.787266111121191)	('>500', 2.1245848481474994)	('>1k', 5.162332217987862)	('>5k', 2.1352083635642956)	('>10k+', 6.554570282426493)
ERR950159_1_val_1	(1.0, 61.90826552234974)	(2.0, 12.727466143364035)	(3.0, 3.2358293016785415)	(4.0, 1.4490754553365213)	(5.0, 0.8818970817066587)	(6.0, 0.7311122734111417)	(7.0, 0.5576897402959308)	(8.0, 0.5177218833307842)	(9.0, 0.44453938400303616)	('>10', 5.977277460327989)	('>50', 1.886721085778188)	('>100', 2.8636776574060754)	('>500', 1.2384488781382972)	('>1k', 2.62657129292158)	('>5k', 1.1656357563192863)	('>10k+', 1.7880710836321014)
ERR950159_2_val_2	(1.0, 26.57785628854152)	(2.0, 15.43208344157284)	(3.0, 7.560340717509045)	(4.0, 3.3778158099678075)	(5.0, 1.6137975523642163)	(6.0, 0.9058332508064117)	(7.0, 0.6037796830618088)	(8.0, 0.4443078436101623)	(9.0, 0.3887874009271096)	('>10', 5.360512750135958)	('>50', 2.588263909365684)	('>100', 7.301846365813993)	('>500', 3.5041665575733814)	('>1k', 9.249102227962004)	('>5k', 3.7878444553706077)	('>10k+', 11.303661745417461)
ERR950160_1_val_1	(1.0, 27.737277053087567)	(2.0, 17.22202927489934)	(3.0, 8.599562952130487)	(4.0, 4.201616546053451)	(5.0, 2.3408176512854277)	(6.0, 1.5319312284971172)	(7.0, 1.0689830254349695)	(8.0, 0.8396039630105739)	(9.0, 0.6659005166480628)	('>10', 6.948391171205589)	('>50', 1.9601033962625918)	('>100', 4.301841201934188)	('>500', 2.0070696975191855)	('>1k', 5.152377341253672)	('>5k', 2.86338047623108)	('>10k+', 12.559114504546947)
ERR950160_2_val_2	(1.0, 31.151487965863307)	(2.0, 17.978887945090666)	(3.0, 8.568054313712011)	(4.0, 3.900599269636356)	(5.0, 2.14021681619636)	(6.0, 1.2779230125749528)	(7.0, 0.8800637380608943)	(8.0, 0.6820196944682454)	(9.0, 0.5821120835291369)	('>10', 5.782290426955871)	('>50', 1.931361414335912)	('>100', 4.645522491476079)	('>500', 2.1123486692569804)	('>1k', 5.895414356896319)	('>5k', 2.288572691280198)	('>10k+', 10.18312511066679)
ERR950161_1_val_1	(1.0, 33.552926223013976)	(2.0, 18.179626841381083)	(3.0, 8.233180143553524)	(4.0, 3.953840442185546)	(5.0, 2.188827808872937)	(6.0, 1.3893094512971935)	(7.0, 1.072818174396456)	(8.0, 0.815131910464185)	(9.0, 0.6323847440455704)	('>10', 6.229239991847997)	('>50', 1.940847035610063)	('>100', 4.386060960739627)	('>500', 1.8865804374037076)	('>1k', 5.0444627297244775)	('>5k', 2.2411083948814015)	('>10k+', 8.25365471058226)
ERR950161_2_val_2	(1.0, 37.276945317857646)	(2.0, 18.545049135436358)	(3.0, 7.988283898102377)	(4.0, 3.487597972501909)	(5.0, 1.8445602527978209)	(6.0, 1.1190120473577345)	(7.0, 0.721404909572079)	(8.0, 0.6196168126102672)	(9.0, 0.49973068305233626)	('>10', 5.113164396841414)	('>50', 1.8801650817298006)	('>100', 4.568380307559945)	('>500', 2.1173159552498158)	('>1k', 4.985374913414214)	('>5k', 1.846471124173589)	('>10k+', 7.386927191742747)
ERR950162_1_val_1	(1.0, 4.768832836288285)	(2.0, 4.301054390188599)	(3.0, 4.950238413754925)	(4.0, 4.804271112322246)	(5.0, 4.1999880815426955)	(6.0, 3.383734264171095)	(7.0, 2.459866733729287)	(8.0, 1.7411738946318474)	(9.0, 1.2070830921456923)	('>10', 6.241843469116022)	('>50', 1.9403168093587257)	('>100', 5.730945443436242)	('>500', 3.235065201998053)	('>1k', 9.043692436113506)	('>5k', 5.099048681243043)	('>10k+', 36.89284513995967)
ERR950162_2_val_2	(1.0, 5.641994917472507)	(2.0, 4.615009089418729)	(3.0, 5.158039399780595)	(4.0, 4.848478443859097)	(5.0, 4.273897388168135)	(6.0, 3.301620351227209)	(7.0, 2.3251468941846882)	(8.0, 1.6333328324989516)	(9.0, 1.112834389462466)	('>10', 5.892343303757438)	('>50', 2.098144371388131)	('>100', 6.396008011621642)	('>500', 3.5354827227722945)	('>1k', 10.375796804915444)	('>5k', 5.550475042691849)	('>10k+', 33.24139603678085)
ERR950163_1_val_1	(1.0, 48.76036365428906)	(2.0, 11.492852901903285)	(3.0, 3.74725327769354)	(4.0, 1.8587496853244074)	(5.0, 1.2540539829889934)	(6.0, 0.8695991845615952)	(7.0, 0.6591530613422701)	(8.0, 0.5612176748600981)	(9.0, 0.48076846134296697)	('>10', 5.44385402181853)	('>50', 1.9460281890129338)	('>100', 4.8979735118404335)	('>500', 2.332285666667662)	('>1k', 5.9937323030830445)	('>5k', 2.7702330739479932)	('>10k+', 6.931881349323291)
ERR950163_2_val_2	(1.0, 50.44538172665997)	(2.0, 11.141642894132007)	(3.0, 3.5052986713894554)	(4.0, 1.83432939187723)	(5.0, 1.1316814155256862)	(6.0, 0.7717091147305067)	(7.0, 0.6397950721234421)	(8.0, 0.5112817978062209)	(9.0, 0.47442934385703306)	('>10', 5.42141886763196)	('>50', 2.035434728703451)	('>100', 5.463214166375083)	('>500', 2.5243543818345615)	('>1k', 5.76534364704175)	('>5k', 2.3102873983661296)	('>10k+', 6.024397381945572)
ERR950164_1_val_1	(1.0, 48.74902541292428)	(2.0, 11.751602966473818)	(3.0, 3.87757642139942)	(4.0, 1.9850454693842299)	(5.0, 1.320888118953747)	(6.0, 0.9505292878526882)	(7.0, 0.6983361904471805)	(8.0, 0.5803707692923779)	(9.0, 0.4919776339931875)	('>10', 5.338045878153411)	('>50', 1.9733117616072555)	('>100', 4.882490782899715)	('>500', 1.9302626265470908)	('>1k', 5.53017914267456)	('>5k', 2.499987317400028)	('>10k+', 7.4403702199970025)
ERR950164_2_val_2	(1.0, 52.34648313086229)	(2.0, 11.255060427236405)	(3.0, 3.5127679635844995)	(4.0, 1.6392042569893435)	(5.0, 1.0185253464318627)	(6.0, 0.7984297850441984)	(7.0, 0.5675682468298286)	(8.0, 0.4900121712074558)	(9.0, 0.3858368054317765)	('>10', 5.138364362282464)	('>50', 2.06486913222906)	('>100', 5.271220047475788)	('>500', 2.235880459763919)	('>1k', 5.317999550059702)	('>5k', 2.036254782000559)	('>10k+', 5.921523532570944)
ERR950165_1_val_1	(1.0, 42.73266200565784)	(2.0, 12.32740886066957)	(3.0, 4.49483394691493)	(4.0, 2.272170538481129)	(5.0, 1.4626912063881894)	(6.0, 1.1332041170395897)	(7.0, 0.8217007837349707)	(8.0, 0.6922103666241894)	(9.0, 0.6108563641435739)	('>10', 6.764722642941553)	('>50', 2.132797241806518)	('>100', 4.914530410265486)	('>500', 2.17242413602263)	('>1k', 6.020828962876729)	('>5k', 2.6441966546075597)	('>10k+', 8.802761761825717)
ERR950165_2_val_2	(1.0, 45.695794996822116)	(2.0, 12.079886135952878)	(3.0, 4.176055201602342)	(4.0, 2.0596851689784823)	(5.0, 1.3012221980983398)	(6.0, 0.9714893509660408)	(7.0, 0.759115303156962)	(8.0, 0.6279452187023722)	(9.0, 0.48709974463301764)	('>10', 5.740119525172152)	('>50', 2.132139260543067)	('>100', 5.188583285520767)	('>500', 2.3272040198478243)	('>1k', 6.174340353616094)	('>5k', 2.6971291865701144)	('>10k+', 7.582191049817418)
ERR950166_1_val_1	(1.0, 77.15872761722459)	(2.0, 7.600479137754544)	(3.0, 2.2246383465682733)	(4.0, 1.240005205912695)	(5.0, 0.8405354966980546)	(6.0, 0.6556138080610926)	(7.0, 0.507256507299494)	(8.0, 0.47687139125478906)	(9.0, 0.4026883483541097)	('>10', 4.378637821094507)	('>50', 1.0952922166935208)	('>100', 1.4390278158561722)	('>500', 0.45316589985578165)	('>1k', 0.9610707594794364)	('>5k', 0.2500383318931617)	('>10k+', 0.31595129599974137)
ERR950166_2_val_2	(1.0, 45.638709859521285)	(2.0, 13.811552746127898)	(3.0, 4.610354763322022)	(4.0, 2.154149520088183)	(5.0, 1.3242378669851)	(6.0, 0.9121486955817277)	(7.0, 0.668691315923913)	(8.0, 0.5728064609396973)	(9.0, 0.4797579631455905)	('>10', 5.32812709525986)	('>50', 2.058812746727947)	('>100', 5.139246654386001)	('>500', 2.4061721217239707)	('>1k', 5.690254681957791)	('>5k', 2.470462192658122)	('>10k+', 6.734515315650633)
ERR950167_1_val_1	(1.0, 4.022063816764735)	(2.0, 3.4682295316758567)	(3.0, 3.219110723146716)	(4.0, 2.6408328796807514)	(5.0, 1.9480879564113527)	(6.0, 1.378626817320223)	(7.0, 0.9579205183292585)	(8.0, 0.6609331363319576)	(9.0, 0.48346659602787334)	('>10', 5.120597218613651)	('>50', 2.456007503542336)	('>100', 7.950050271054518)	('>500', 4.615645413036443)	('>1k', 13.538285911810316)	('>5k', 7.462117357899838)	('>10k+', 40.07802434835416)
ERR950167_2_val_2	(1.0, 4.988790062742875)	(2.0, 3.4341042322526762)	(3.0, 3.1493754218821994)	(4.0, 2.5276332530683128)	(5.0, 1.8999996525316791)	(6.0, 1.291811971356965)	(7.0, 0.8912363501055327)	(8.0, 0.6515880976428868)	(9.0, 0.48149723166167535)	('>10', 5.559785730930029)	('>50', 2.9302420214922917)	('>100', 9.3888136227914)	('>500', 5.245625326002117)	('>1k', 14.794796743410583)	('>5k', 7.6851231759743195)	('>10k+', 35.07957710615445)
ERR950168_1_val_1	(1.0, 26.963866428473)	(2.0, 10.37129715202708)	(3.0, 4.1900435509230265)	(4.0, 2.025273117500255)	(5.0, 1.3077342451232326)	(6.0, 0.8536346152301739)	(7.0, 0.7222035447189296)	(8.0, 0.5575855996925836)	(9.0, 0.4936824504908014)	('>10', 5.612765554505473)	('>50', 2.3073686380899927)	('>100', 6.851163974726596)	('>500', 3.921072728014827)	('>1k', 11.223103452334476)	('>5k', 4.934014640893207)	('>10k+', 17.665190307256367)
ERR950168_2_val_2	(1.0, 28.09543003780676)	(2.0, 10.324842561481598)	(3.0, 3.965215221022441)	(4.0, 1.901693083752221)	(5.0, 1.1327432814475273)	(6.0, 0.8363662308784575)	(7.0, 0.616305723494233)	(8.0, 0.47952727557022556)	(9.0, 0.4306186360343698)	('>10', 5.502350159874556)	('>50', 2.5031191323967525)	('>100', 7.261365712785353)	('>500', 3.9505778900655515)	('>1k', 10.943049105823476)	('>5k', 4.959587584422347)	('>10k+', 17.097208363144226)
ERR950169_1_val_1	(1.0, 45.099472202974155)	(2.0, 21.71741218578985)	(3.0, 8.711170959297213)	(4.0, 3.7133063014458187)	(5.0, 1.932574002714565)	(6.0, 1.2391291400540705)	(7.0, 0.945732876543848)	(8.0, 0.7190061233429236)	(9.0, 0.6025747668862526)	('>10', 6.320644738283304)	('>50', 1.820983266423447)	('>100', 2.515442897290976)	('>500', 0.8663416039188637)	('>1k', 2.0903421633700714)	('>5k', 0.7462456738228198)	('>10k+', 0.9596210978418409)
ERR950169_2_val_2	(1.0, 11.321779619988066)	(2.0, 10.456472026076062)	(3.0, 10.45688068044452)	(4.0, 8.88296313876809)	(5.0, 6.441972752065722)	(6.0, 4.838011243271991)	(7.0, 3.3414597963801365)	(8.0, 2.4005451188153644)	(9.0, 1.701391534188115)	('>10', 9.437576268814908)	('>50', 2.387272088282545)	('>100', 5.300362044521105)	('>500', 2.549240416125379)	('>1k', 6.6999876547762875)	('>5k', 3.5961302474168213)	('>10k+', 10.187955370064826)
ERR950170_1_val_1	(1.0, 65.66331379973317)	(2.0, 14.443201157765689)	(3.0, 3.785262464467086)	(4.0, 1.7485897452508403)	(5.0, 1.1052465921780004)	(6.0, 0.8041469737456791)	(7.0, 0.5684756013898701)	(8.0, 0.47750135346709005)	(9.0, 0.45528987444911584)	('>10', 4.624222831866183)	('>50', 1.186551539696309)	('>100', 1.5542022119795287)	('>500', 0.5489671019795097)	('>1k', 1.1387583015363973)	('>5k', 0.4962146474976145)	('>10k+', 1.4000558029979906)
ERR950170_2_val_2	(1.0, 25.55150755649776)	(2.0, 17.803905324490124)	(3.0, 10.551386333827896)	(4.0, 5.652715051185595)	(5.0, 2.9955498911446505)	(6.0, 1.662592442317832)	(7.0, 1.0366828642123938)	(8.0, 0.7396640756761174)	(9.0, 0.5885524390746251)	('>10', 5.532602634208159)	('>50', 1.9397589380088078)	('>100', 5.065308895187578)	('>500', 2.375378166309217)	('>1k', 6.112258599870693)	('>5k', 2.274046741380616)	('>10k+', 10.118090046607788)
ERR950171_1_val_1	(1.0, 72.51622518612358)	(2.0, 7.836088832948228)	(3.0, 2.544832797763791)	(4.0, 1.3978833106101793)	(5.0, 0.9606548172592582)	(6.0, 0.7421125160237322)	(7.0, 0.6034650350487939)	(8.0, 0.5081392802402992)	(9.0, 0.44075983887872267)	('>10', 5.32135539206769)	('>50', 1.7021116533223513)	('>100', 2.2354779059817025)	('>500', 0.6392783487038544)	('>1k', 1.3171482786559632)	('>5k', 0.47443697635594906)	('>10k+', 0.7600298300159377)
ERR950171_2_val_2	(1.0, 45.731299942064354)	(2.0, 11.15573674368568)	(3.0, 3.7878686970221995)	(4.0, 2.038900354693)	(5.0, 1.250371450295947)	(6.0, 0.8438065839161988)	(7.0, 0.7400814359834741)	(8.0, 0.5443408068397375)	(9.0, 0.4325036008217536)	('>10', 5.567763475974979)	('>50', 2.099488052560992)	('>100', 5.487079759521797)	('>500', 2.5072833692068786)	('>1k', 6.194029291303219)	('>5k', 2.3955652088937947)	('>10k+', 9.223881227216122)
ERR950172_1_val_1	(1.0, 32.57179826431707)	(2.0, 17.048508803636004)	(3.0, 7.304269390849581)	(4.0, 3.2635764711413704)	(5.0, 1.8437393403839657)	(6.0, 1.2460177671165797)	(7.0, 0.8727900479556988)	(8.0, 0.6671017746749656)	(9.0, 0.5768382649498212)	('>10', 6.333780054794989)	('>50', 2.2057642716250307)	('>100', 5.2671856789151725)	('>500', 2.2530905152522323)	('>1k', 5.910113609703816)	('>5k', 2.3923620457979045)	('>10k+', 10.24306369888586)
ERR950172_2_val_2	(1.0, 35.52806568203113)	(2.0, 16.93764143470617)	(3.0, 7.066158394308562)	(4.0, 3.03612865844941)	(5.0, 1.677111283255759)	(6.0, 1.0494027473033158)	(7.0, 0.7444205525359586)	(8.0, 0.5857144097691634)	(9.0, 0.4830679693755103)	('>10', 5.846301260402538)	('>50', 2.232166408201236)	('>100', 5.328757500720144)	('>500', 2.505330887196818)	('>1k', 5.689932538338663)	('>5k', 2.5699436708776155)	('>10k+', 8.719856602527937)
ERR950173_1_val_1	(1.0, 39.91955898598628)	(2.0, 9.60837380172546)	(3.0, 3.588158345548747)	(4.0, 1.9847073650583535)	(5.0, 1.3326963920050996)	(6.0, 1.0107137830185042)	(7.0, 0.7961799385220579)	(8.0, 0.6786346769148581)	(9.0, 0.5829238417225571)	('>10', 6.66762811294123)	('>50', 2.395767648231013)	('>100', 5.727001278145375)	('>500', 2.810413235396146)	('>1k', 7.345269301370033)	('>5k', 3.0433592837446257)	('>10k+', 12.508614009669744)
ERR950173_2_val_2	(1.0, 44.37995491004572)	(2.0, 9.392832792893195)	(3.0, 3.067173784919543)	(4.0, 1.6181745127135636)	(5.0, 1.1296088709815317)	(6.0, 0.8018869368895402)	(7.0, 0.6255304438829868)	(8.0, 0.5442366220233005)	(9.0, 0.45252380770474204)	('>10', 5.81383907077641)	('>50', 2.4010791969332854)	('>100', 6.251612331815265)	('>500', 3.081804165097758)	('>1k', 8.212215301907323)	('>5k', 2.8302600238079973)	('>10k+', 9.397267227607871)
ERR950174_1_val_1	(1.0, 19.57323350537505)	(2.0, 15.407976618436708)	(3.0, 9.747645612443566)	(4.0, 5.319431893193358)	(5.0, 2.8673148139170554)	(6.0, 1.7355155362648707)	(7.0, 1.156758991716726)	(8.0, 0.8471313877456618)	(9.0, 0.6666598796859736)	('>10', 6.795126797488262)	('>50', 2.1865047719916264)	('>100', 5.467996752727751)	('>500', 2.802637971476627)	('>1k', 7.693251916711491)	('>5k', 3.6676726137423405)	('>10k+', 14.065140937083157)
ERR950174_2_val_2	(1.0, 22.58130045723924)	(2.0, 15.611250381468423)	(3.0, 9.346821686987736)	(4.0, 5.060268444479948)	(5.0, 2.6241729986184428)	(6.0, 1.5605941745507925)	(7.0, 1.0206995564214831)	(8.0, 0.7455601481103408)	(9.0, 0.5870940047977437)	('>10', 6.180701908379737)	('>50', 2.2798119569919075)	('>100', 5.962047074732896)	('>500', 2.936648723831195)	('>1k', 8.15056154849864)	('>5k', 3.3939724840134162)	('>10k+', 11.958494450878138)
ERR950175_1_val_1	(1.0, 68.85814928352079)	(2.0, 8.56565717042442)	(3.0, 2.6199745299792196)	(4.0, 1.417208703905076)	(5.0, 0.9783655196786414)	(6.0, 0.7269427156530223)	(7.0, 0.5840141560497524)	(8.0, 0.49539081115519584)	(9.0, 0.4405736397499402)	('>10', 5.649423607710468)	('>50', 1.72979534442135)	('>100', 2.4625333985363427)	('>500', 0.9127273124933172)	('>1k', 2.5665546366330623)	('>5k', 0.5409729644541076)	('>10k+', 1.4517162056354036)
ERR950175_2_val_2	(1.0, 35.94905369644949)	(2.0, 11.574378161048852)	(3.0, 4.039799452161517)	(4.0, 1.95985101107963)	(5.0, 1.119115112230696)	(6.0, 0.8194294272699814)	(7.0, 0.5948382594908819)	(8.0, 0.5153000153329361)	(9.0, 0.41986087087280194)	('>10', 5.278173057517043)	('>50', 2.1674622907755245)	('>100', 6.097418313349099)	('>500', 3.103629675671725)	('>1k', 8.435973032609148)	('>5k', 3.984451857936252)	('>10k+', 13.941265766204513)
ERR950176_1_val_1	(1.0, 27.704188455455782)	(2.0, 14.202552674941204)	(3.0, 7.127878166745208)	(4.0, 3.591195533868482)	(5.0, 1.994268505023021)	(6.0, 1.4027967778615125)	(7.0, 1.03236817222961)	(8.0, 0.8366438113661695)	(9.0, 0.7511761983448834)	('>10', 7.90711515429731)	('>50', 2.2343526660991113)	('>100', 5.297015890726149)	('>500', 2.933886248275655)	('>1k', 7.951995899644906)	('>5k', 3.045267870432047)	('>10k+', 11.987297974688985)
ERR950176_2_val_2	(1.0, 3.667126170454015)	(2.0, 1.9047423013981355)	(3.0, 1.7278356766632827)	(4.0, 1.5657323731145047)	(5.0, 1.4638752627242437)	(6.0, 1.3265784092584574)	(7.0, 1.154710348371988)	(8.0, 1.0346113592172825)	(9.0, 0.8744833701060204)	('>10', 7.1536017026681815)	('>50', 2.4413049453671327)	('>100', 7.8867901669765565)	('>500', 4.571428442160432)	('>1k', 12.78193123848371)	('>5k', 7.351252698553468)	('>10k+', 43.09399553448257)
ERR950177_1_val_1	(1.0, 13.479238045876093)	(2.0, 11.102575838884572)	(3.0, 8.864075974124775)	(4.0, 6.172700073665243)	(5.0, 4.119960431391502)	(6.0, 2.5705811597631216)	(7.0, 1.7335629097471568)	(8.0, 1.1499499793825834)	(9.0, 0.8942637787076962)	('>10', 6.9168856683699484)	('>50', 2.2750406341776843)	('>100', 6.077394916671596)	('>500', 3.219424662476287)	('>1k', 8.76700582398006)	('>5k', 4.613578416010698)	('>10k+', 18.043761686770864)
ERR950177_2_val_2	(1.0, 15.472389674415716)	(2.0, 11.792976977339311)	(3.0, 9.181352873263036)	(4.0, 6.348982613971834)	(5.0, 4.0330111343761965)	(6.0, 2.4679221320214357)	(7.0, 1.6513598973249797)	(8.0, 1.1067980740854921)	(9.0, 0.8094258593405037)	('>10', 5.958192555662517)	('>50', 2.166270999400973)	('>100', 6.218746909078001)	('>500', 3.388772043533069)	('>1k', 9.369507500749844)	('>5k', 3.999642227251205)	('>10k+', 16.034648528185887)
ERR950178_1_val_1	(1.0, 45.1068198998425)	(2.0, 15.226725096320518)	(3.0, 5.353766256597094)	(4.0, 2.4876030710064603)	(5.0, 1.5780024147267382)	(6.0, 1.0769068353553644)	(7.0, 0.7954324894379753)	(8.0, 0.5974212423500651)	(9.0, 0.5230891481695161)	('>10', 5.377453590459625)	('>50', 1.6707078335178982)	('>100', 4.079489017700986)	('>500', 1.7296275500370277)	('>1k', 4.797102949661802)	('>5k', 2.4108228613743248)	('>10k+', 7.189029743442235)
ERR950178_2_val_2	(1.0, 47.023538978126076)	(2.0, 15.167901136688661)	(3.0, 5.106336517948237)	(4.0, 2.299931052800109)	(5.0, 1.3412329209687304)	(6.0, 0.9600270259106078)	(7.0, 0.709354467179102)	(8.0, 0.5445299728526924)	(9.0, 0.4297457641927671)	('>10', 4.928249094617518)	('>50', 1.7160253933621379)	('>100', 4.10039276203555)	('>500', 1.8891940241356593)	('>1k', 4.742873678674169)	('>5k', 2.1619802479678873)	('>10k+', 6.878686962540191)
ERR950179_1_val_1	(1.0, 30.29913132637954)	(2.0, 18.56712190590195)	(3.0, 9.264002663313997)	(4.0, 4.4398240778971)	(5.0, 2.2239197327631097)	(6.0, 1.3789368663502324)	(7.0, 1.0203654935602373)	(8.0, 0.7748421196442314)	(9.0, 0.5859634114402567)	('>10', 6.204301524616822)	('>50', 2.0716504182351705)	('>100', 5.013613087064452)	('>500', 2.280263159861438)	('>1k', 5.6796002132453065)	('>5k', 2.535934862819562)	('>10k+', 7.660529136906597)
ERR950179_2_val_2	(1.0, 33.84254483604359)	(2.0, 19.116362167526315)	(3.0, 9.105281759986093)	(4.0, 3.936449665470685)	(5.0, 1.9640322822430407)	(6.0, 1.1152980325737547)	(7.0, 0.8129849599603066)	(8.0, 0.5654749338852971)	(9.0, 0.41487491659863074)	('>10', 5.314426121887867)	('>50', 2.0825147931522596)	('>100', 5.2255386221885916)	('>500', 2.408312645630105)	('>1k', 5.90812497616054)	('>5k', 2.2147568827270407)	('>10k+', 5.973022403965995)
ERR950180_1_val_1	(1.0, 39.89773756924201)	(2.0, 11.387527773363235)	(3.0, 3.988096933744008)	(4.0, 2.0262053214917493)	(5.0, 1.255638827398923)	(6.0, 0.8956779596906251)	(7.0, 0.713652354455171)	(8.0, 0.5883056995956993)	(9.0, 0.4683883747730482)	('>10', 5.6135914063785375)	('>50', 2.1400601087571305)	('>100', 5.528463894475463)	('>500', 2.7780658965666603)	('>1k', 6.860299578968157)	('>5k', 3.4249896225590626)	('>10k+', 12.433298678540588)
ERR950180_2_val_2	(1.0, 41.86124756109258)	(2.0, 11.346904076207482)	(3.0, 3.7257847176387817)	(4.0, 1.8062065491034025)	(5.0, 1.1288736912262651)	(6.0, 0.8403470537382505)	(7.0, 0.6447268121541428)	(8.0, 0.5022872989938387)	(9.0, 0.43015690518227506)	('>10', 5.399127862274597)	('>50', 2.3153875499368928)	('>100', 6.056322828424466)	('>500', 2.8391605815820524)	('>1k', 7.280533868130358)	('>5k', 2.9713474901936086)	('>10k+', 10.851585154121016)
ERR950181_1_val_1	(1.0, 67.48110438199232)	(2.0, 8.579673240580323)	(3.0, 2.821277877399341)	(4.0, 1.6572068841375152)	(5.0, 1.1853524728807554)	(6.0, 0.8741189331939878)	(7.0, 0.7127271845540964)	(8.0, 0.5788556872619721)	(9.0, 0.45940281057275406)	('>10', 6.148890623015434)	('>50', 1.7414386394676158)	('>100', 2.425562973282551)	('>500', 0.9482007573523228)	('>1k', 2.314281361688132)	('>5k', 0.6771462631911509)	('>10k+', 1.3947599094296)
ERR950181_2_val_2	(1.0, 36.28973958243253)	(2.0, 10.554537897695223)	(3.0, 3.615874515794357)	(4.0, 1.7903575008960997)	(5.0, 1.1641984550707725)	(6.0, 0.8547973133537081)	(7.0, 0.6927779780652595)	(8.0, 0.5619433643771304)	(9.0, 0.46750044060173307)	('>10', 5.998265766555695)	('>50', 2.446495555099974)	('>100', 6.56225335401956)	('>500', 3.2074226901082685)	('>1k', 8.716058220364932)	('>5k', 3.7004366935859525)	('>10k+', 13.377340671978988)
ERR950182_1_val_1	(1.0, 26.368848800540533)	(2.0, 15.620922493739139)	(3.0, 7.747856427433954)	(4.0, 3.7062980420210465)	(5.0, 1.9675989250617858)	(6.0, 1.1738000333117697)	(7.0, 0.8314133459851402)	(8.0, 0.6176954351601651)	(9.0, 0.5359678584308047)	('>10', 5.901362653285854)	('>50', 2.24238751734905)	('>100', 5.786177233344012)	('>500', 3.035470880360586)	('>1k', 7.93640716612621)	('>5k', 3.615797052268552)	('>10k+', 12.911996135581342)
ERR950182_2_val_2	(1.0, 28.105393045800554)	(2.0, 15.531430450600697)	(3.0, 7.583098274807021)	(4.0, 3.513070535090259)	(5.0, 1.8070061597818925)	(6.0, 1.126479434236233)	(7.0, 0.7529511472358168)	(8.0, 0.5534943326849182)	(9.0, 0.45908098947530834)	('>10', 5.401615220936075)	('>50', 2.2776281316501668)	('>100', 6.227996856326138)	('>500', 2.9929215894472443)	('>1k', 8.315195276821418)	('>5k', 3.305920113066928)	('>10k+', 12.046718442039431)
ERR950183_1_val_1	(1.0, 42.461948617124115)	(2.0, 11.938029250925602)	(3.0, 4.257766307196918)	(4.0, 2.300746615206641)	(5.0, 1.5018710059481388)	(6.0, 1.067112674676559)	(7.0, 0.8555068199238418)	(8.0, 0.6874182541289284)	(9.0, 0.5384604250251587)	('>10', 6.695758844393127)	('>50', 2.133741685916445)	('>100', 5.0275904328221594)	('>500', 2.2022031410865717)	('>1k', 5.68333919217525)	('>5k', 3.7339987977498943)	('>10k+', 8.914507935700785)
ERR950183_2_val_2	(1.0, 44.90349237323408)	(2.0, 11.686689895355192)	(3.0, 3.9701984412497193)	(4.0, 2.0250962500169716)	(5.0, 1.3433188324329772)	(6.0, 0.9847998010329493)	(7.0, 0.7296682300181432)	(8.0, 0.6075740551472213)	(9.0, 0.506664742228314)	('>10', 6.114121256668074)	('>50', 2.186639801142954)	('>100', 5.309603784371605)	('>500', 2.470614154238488)	('>1k', 6.114881791898714)	('>5k', 2.428064336711874)	('>10k+', 8.618572254252612)
ERR950184_1_val_1	(1.0, 71.65303275445763)	(2.0, 8.180564188380007)	(3.0, 2.473555005550391)	(4.0, 1.3307234563041532)	(5.0, 0.883829174452279)	(6.0, 0.6579532612249102)	(7.0, 0.5853824443830593)	(8.0, 0.47172365547492523)	(9.0, 0.4273678914489857)	('>10', 5.619133713711029)	('>50', 1.7309566174787097)	('>100', 2.3375632988431887)	('>500', 0.7420316398236428)	('>1k', 1.4458213712859125)	('>5k', 0.5927011548995745)	('>10k+', 0.8676603722813205)
ERR950184_2_val_2	(1.0, 48.66096296676736)	(2.0, 11.727930350007531)	(3.0, 3.474041080900589)	(4.0, 1.5285393939692113)	(5.0, 0.9500959691051913)	(6.0, 0.6896723246313332)	(7.0, 0.5839050646686893)	(8.0, 0.46851751350019805)	(9.0, 0.4061800377686978)	('>10', 5.474046983481544)	('>50', 2.429075723344754)	('>100', 6.495022303022664)	('>500', 3.0346515199621935)	('>1k', 6.943629257013276)	('>5k', 2.3890423952716953)	('>10k+', 4.744687116585129)
ERR950185_1_val_1	(1.0, 40.51458922968523)	(2.0, 13.315669304167846)	(3.0, 4.88321654041979)	(4.0, 2.4427965580107753)	(5.0, 1.6374443136396035)	(6.0, 1.1550527104305526)	(7.0, 0.8875976479344327)	(8.0, 0.740873406680359)	(9.0, 0.6092203612095934)	('>10', 6.853708482225562)	('>50', 2.059649893865657)	('>100', 4.5909073857507305)	('>500', 2.1305846460995874)	('>1k', 6.010606084602032)	('>5k', 3.1499326696811116)	('>10k+', 9.018150765597117)
ERR950185_2_val_2	(1.0, 42.513862555959726)	(2.0, 13.076742553805293)	(3.0, 4.483392337567797)	(4.0, 2.2378602162120425)	(5.0, 1.423644144681677)	(6.0, 1.1409173610779906)	(7.0, 0.8693338459469047)	(8.0, 0.7243883185812997)	(9.0, 0.5954774543100738)	('>10', 6.49201956039156)	('>50', 2.1062203068966796)	('>100', 4.750037212177018)	('>500', 2.315344813965365)	('>1k', 6.219787254764225)	('>5k', 2.5677632744940544)	('>10k+', 8.483208789168284)
ERR950186_1_val_1	(1.0, 68.27640579774089)	(2.0, 8.57002538528945)	(3.0, 2.6572671814674447)	(4.0, 1.5771854110498469)	(5.0, 1.1471113538511075)	(6.0, 0.9377679189462963)	(7.0, 0.6820681688552783)	(8.0, 0.5708167268110346)	(9.0, 0.5417607923273179)	('>10', 6.562338669613981)	('>50', 1.6878945364650868)	('>100', 2.363683994661186)	('>500', 0.8725426047505086)	('>1k', 1.7178503157451643)	('>5k', 0.7696208365380212)	('>10k+', 1.0656603058873695)
ERR950186_2_val_2	(1.0, 29.718107663010723)	(2.0, 11.329776114912358)	(3.0, 4.317463668129343)	(4.0, 2.0793653739908784)	(5.0, 1.1996286632000273)	(6.0, 0.9292085287979905)	(7.0, 0.6348788600687123)	(8.0, 0.5645886857019464)	(9.0, 0.43130874136460584)	('>10', 5.94002386767957)	('>50', 2.592847350022298)	('>100', 7.1112985572809695)	('>500', 3.622059138208803)	('>1k', 9.705813225011555)	('>5k', 4.254376401758039)	('>10k+', 15.569255160862108)
ERR950187_1_val_1	(1.0, 17.025154466339508)	(2.0, 10.470170020986076)	(3.0, 5.135734476304254)	(4.0, 2.452913067683638)	(5.0, 1.3681323772960532)	(6.0, 0.8920562663813121)	(7.0, 0.6158656953316054)	(8.0, 0.5245733878719196)	(9.0, 0.43819916295159755)	('>10', 5.390706666437704)	('>50', 2.320547899331938)	('>100', 7.352148626428227)	('>500', 4.111879239130904)	('>1k', 11.768199775864565)	('>5k', 6.018180607557958)	('>10k+', 24.115538264102888)
ERR950187_2_val_2	(1.0, 18.379643760164853)	(2.0, 10.481529308506277)	(3.0, 5.11554242221745)	(4.0, 2.358054847715952)	(5.0, 1.3373354193047182)	(6.0, 0.863312765785691)	(7.0, 0.6430564833943477)	(8.0, 0.531700039010999)	(9.0, 0.42053525207218134)	('>10', 5.723913456378367)	('>50', 2.6114819684556068)	('>100', 8.021073031988937)	('>500', 4.326391145275423)	('>1k', 12.82872692803295)	('>5k', 6.0209293758165785)	('>10k+', 20.33677379587966)
