Sample	0	1	2	3	4	5	6	7	8	9	10	11	12	13	14	15	16	17	18	19	20	21	22	23	24	25	26	27	28
ERR950158_1_val_1	(19.0, 8.0)	(20.0, 60.0)	(21.0, 633.0)	(22.0, 4007.0)	(23.0, 16495.0)	(24.0, 51567.0)	(25.0, 123611.0)	(26.0, 245869.0)	(27.0, 425349.0)	(28.0, 653710.0)	(29.0, 919700.0)	(30.0, 1206449.0)	(31.0, 1514435.0)	(32.0, 1870752.0)	(33.0, 2335080.0)	(34.0, 3008074.0)	(35.0, 4079691.0)	(36.0, 6033554.0)	(37.0, 7679383.0)	(38.0, 3935679.0)	(39.0, 710746.0)	(40.0, 985.0)							
ERR950158_2_val_2	(12.0, 3.0)	(13.0, 1.0)	(14.0, 7.0)	(15.0, 13.0)	(16.0, 47.0)	(17.0, 220.0)	(18.0, 566.0)	(19.0, 1650.0)	(20.0, 10356.0)	(21.0, 27393.0)	(22.0, 55275.0)	(23.0, 96002.0)	(24.0, 152197.0)	(25.0, 228273.0)	(26.0, 321560.0)	(27.0, 436666.0)	(28.0, 573174.0)	(29.0, 732141.0)	(30.0, 923460.0)	(31.0, 1157162.0)	(32.0, 1462021.0)	(33.0, 1884824.0)	(34.0, 2521747.0)	(35.0, 3471344.0)	(36.0, 5209791.0)	(37.0, 7345259.0)	(38.0, 6495788.0)	(39.0, 1690302.0)	(40.0, 18595.0)
ERR950159_1_val_1	(19.0, 1.0)	(20.0, 33.0)	(21.0, 236.0)	(22.0, 1523.0)	(23.0, 6874.0)	(24.0, 21879.0)	(25.0, 54344.0)	(26.0, 113853.0)	(27.0, 204590.0)	(28.0, 330934.0)	(29.0, 495871.0)	(30.0, 710775.0)	(31.0, 997521.0)	(32.0, 1399558.0)	(33.0, 1918217.0)	(34.0, 2490909.0)	(35.0, 3074415.0)	(36.0, 3684649.0)	(37.0, 3317840.0)	(38.0, 1129127.0)	(39.0, 186700.0)	(40.0, 167.0)							
ERR950159_2_val_2	(14.0, 1.0)	(15.0, 15.0)	(16.0, 60.0)	(17.0, 249.0)	(18.0, 647.0)	(19.0, 1360.0)	(20.0, 5659.0)	(21.0, 14853.0)	(22.0, 29657.0)	(23.0, 52671.0)	(24.0, 83819.0)	(25.0, 125720.0)	(26.0, 177975.0)	(27.0, 243230.0)	(28.0, 320012.0)	(29.0, 412106.0)	(30.0, 525686.0)	(31.0, 669005.0)	(32.0, 860040.0)	(33.0, 1127536.0)	(34.0, 1545745.0)	(35.0, 2157475.0)	(36.0, 3274494.0)	(37.0, 4406331.0)	(38.0, 3359796.0)	(39.0, 738415.0)	(40.0, 7459.0)		
ERR950160_1_val_1	(17.0, 1.0)	(18.0, 0.0)	(19.0, 2.0)	(20.0, 24.0)	(21.0, 271.0)	(22.0, 1943.0)	(23.0, 8847.0)	(24.0, 28138.0)	(25.0, 71629.0)	(26.0, 148109.0)	(27.0, 264217.0)	(28.0, 418311.0)	(29.0, 601746.0)	(30.0, 811055.0)	(31.0, 1053664.0)	(32.0, 1350790.0)	(33.0, 1771954.0)	(34.0, 2417913.0)	(35.0, 3513286.0)	(36.0, 5461169.0)	(37.0, 6956277.0)	(38.0, 3533229.0)	(39.0, 632630.0)	(40.0, 1140.0)					
ERR950160_2_val_2	(13.0, 1.0)	(14.0, 7.0)	(15.0, 16.0)	(16.0, 54.0)	(17.0, 261.0)	(18.0, 659.0)	(19.0, 1566.0)	(20.0, 7443.0)	(21.0, 18736.0)	(22.0, 37318.0)	(23.0, 64931.0)	(24.0, 104076.0)	(25.0, 156605.0)	(26.0, 225150.0)	(27.0, 311321.0)	(28.0, 415766.0)	(29.0, 540962.0)	(30.0, 695397.0)	(31.0, 887061.0)	(32.0, 1143648.0)	(33.0, 1505931.0)	(34.0, 2048546.0)	(35.0, 2889666.0)	(36.0, 4488298.0)	(37.0, 6478216.0)	(38.0, 5620349.0)	(39.0, 1390164.0)	(40.0, 14197.0)	
ERR950161_1_val_1	(18.0, 1.0)	(19.0, 7.0)	(20.0, 87.0)	(21.0, 698.0)	(22.0, 3636.0)	(23.0, 15148.0)	(24.0, 46104.0)	(25.0, 109728.0)	(26.0, 220304.0)	(27.0, 383962.0)	(28.0, 595782.0)	(29.0, 847539.0)	(30.0, 1127552.0)	(31.0, 1439192.0)	(32.0, 1806669.0)	(33.0, 2306135.0)	(34.0, 3048935.0)	(35.0, 4211726.0)	(36.0, 6344708.0)	(37.0, 8239718.0)	(38.0, 4448913.0)	(39.0, 1120368.0)	(40.0, 1116.0)						
ERR950161_2_val_2	(13.0, 1.0)	(14.0, 4.0)	(15.0, 17.0)	(16.0, 44.0)	(17.0, 208.0)	(18.0, 470.0)	(19.0, 1309.0)	(20.0, 7414.0)	(21.0, 19717.0)	(22.0, 39654.0)	(23.0, 69493.0)	(24.0, 111197.0)	(25.0, 167663.0)	(26.0, 239980.0)	(27.0, 328946.0)	(28.0, 437049.0)	(29.0, 570922.0)	(30.0, 738117.0)	(31.0, 949416.0)	(32.0, 1233127.0)	(33.0, 1649523.0)	(34.0, 2303435.0)	(35.0, 3297311.0)	(36.0, 5296458.0)	(37.0, 8234478.0)	(38.0, 7977336.0)	(39.0, 2614687.0)	(40.0, 30052.0)	
ERR950162_1_val_1	(17.0, 1.0)	(18.0, 0.0)	(19.0, 4.0)	(20.0, 61.0)	(21.0, 570.0)	(22.0, 3821.0)	(23.0, 17255.0)	(24.0, 53751.0)	(25.0, 131643.0)	(26.0, 264274.0)	(27.0, 460426.0)	(28.0, 706125.0)	(29.0, 986142.0)	(30.0, 1283141.0)	(31.0, 1602676.0)	(32.0, 1969138.0)	(33.0, 2448896.0)	(34.0, 3144505.0)	(35.0, 4257093.0)	(36.0, 6079501.0)	(37.0, 7087429.0)	(38.0, 3473731.0)	(39.0, 971967.0)	(40.0, 2507.0)					
ERR950162_2_val_2	(13.0, 1.0)	(14.0, 4.0)	(15.0, 22.0)	(16.0, 96.0)	(17.0, 294.0)	(18.0, 831.0)	(19.0, 2312.0)	(20.0, 11468.0)	(21.0, 30397.0)	(22.0, 62170.0)	(23.0, 109982.0)	(24.0, 177523.0)	(25.0, 265585.0)	(26.0, 376584.0)	(27.0, 513974.0)	(28.0, 674886.0)	(29.0, 866755.0)	(30.0, 1095994.0)	(31.0, 1382082.0)	(32.0, 1743279.0)	(33.0, 2210345.0)	(34.0, 2851571.0)	(35.0, 3792153.0)	(36.0, 5594703.0)	(37.0, 7188090.0)	(38.0, 4842626.0)	(39.0, 1141073.0)	(40.0, 9857.0)	
ERR950163_1_val_1	(18.0, 1.0)	(19.0, 2.0)	(20.0, 23.0)	(21.0, 224.0)	(22.0, 1682.0)	(23.0, 7533.0)	(24.0, 24164.0)	(25.0, 59509.0)	(26.0, 120921.0)	(27.0, 213952.0)	(28.0, 335457.0)	(29.0, 480142.0)	(30.0, 642256.0)	(31.0, 829238.0)	(32.0, 1062353.0)	(33.0, 1380212.0)	(34.0, 1868155.0)	(35.0, 2674497.0)	(36.0, 4082412.0)	(37.0, 5082793.0)	(38.0, 2668692.0)	(39.0, 514053.0)	(40.0, 888.0)						
ERR950163_2_val_2	(13.0, 1.0)	(14.0, 4.0)	(15.0, 12.0)	(16.0, 32.0)	(17.0, 191.0)	(18.0, 540.0)	(19.0, 1353.0)	(20.0, 6626.0)	(21.0, 17203.0)	(22.0, 35213.0)	(23.0, 60732.0)	(24.0, 96483.0)	(25.0, 143440.0)	(26.0, 202386.0)	(27.0, 272788.0)	(28.0, 357623.0)	(29.0, 458262.0)	(30.0, 580517.0)	(31.0, 729469.0)	(32.0, 929179.0)	(33.0, 1206314.0)	(34.0, 1623984.0)	(35.0, 2229592.0)	(36.0, 3299159.0)	(37.0, 4641118.0)	(38.0, 4050401.0)	(39.0, 1094582.0)	(40.0, 11955.0)	
ERR950164_1_val_1	(19.0, 2.0)	(20.0, 16.0)	(21.0, 133.0)	(22.0, 765.0)	(23.0, 3455.0)	(24.0, 11607.0)	(25.0, 30428.0)	(26.0, 65056.0)	(27.0, 119103.0)	(28.0, 192150.0)	(29.0, 283938.0)	(30.0, 392790.0)	(31.0, 523725.0)	(32.0, 694201.0)	(33.0, 940948.0)	(34.0, 1348966.0)	(35.0, 2069727.0)	(36.0, 3388267.0)	(37.0, 4448553.0)	(38.0, 2319432.0)	(39.0, 419820.0)	(40.0, 803.0)							
ERR950164_2_val_2	(13.0, 1.0)	(14.0, 2.0)	(15.0, 11.0)	(16.0, 30.0)	(17.0, 180.0)	(18.0, 469.0)	(19.0, 1001.0)	(20.0, 3601.0)	(21.0, 8322.0)	(22.0, 16863.0)	(23.0, 30205.0)	(24.0, 48964.0)	(25.0, 75242.0)	(26.0, 110226.0)	(27.0, 153082.0)	(28.0, 208833.0)	(29.0, 275413.0)	(30.0, 359157.0)	(31.0, 466803.0)	(32.0, 614696.0)	(33.0, 829520.0)	(34.0, 1165052.0)	(35.0, 1688050.0)	(36.0, 2680917.0)	(37.0, 3991074.0)	(38.0, 3589958.0)	(39.0, 926262.0)	(40.0, 9951.0)	
ERR950165_1_val_1	(19.0, 2.0)	(20.0, 32.0)	(21.0, 266.0)	(22.0, 1700.0)	(23.0, 6958.0)	(24.0, 21467.0)	(25.0, 53088.0)	(26.0, 107734.0)	(27.0, 191769.0)	(28.0, 300645.0)	(29.0, 433288.0)	(30.0, 582134.0)	(31.0, 756324.0)	(32.0, 971227.0)	(33.0, 1279094.0)	(34.0, 1764847.0)	(35.0, 2604584.0)	(36.0, 4240119.0)	(37.0, 5707295.0)	(38.0, 2649954.0)	(39.0, 421710.0)	(40.0, 373.0)							
ERR950165_2_val_2	(15.0, 10.0)	(16.0, 42.0)	(17.0, 163.0)	(18.0, 411.0)	(19.0, 921.0)	(20.0, 4426.0)	(21.0, 11133.0)	(22.0, 21741.0)	(23.0, 37535.0)	(24.0, 59857.0)	(25.0, 90906.0)	(26.0, 130152.0)	(27.0, 178353.0)	(28.0, 238613.0)	(29.0, 314409.0)	(30.0, 407323.0)	(31.0, 528451.0)	(32.0, 699928.0)	(33.0, 955256.0)	(34.0, 1378382.0)	(35.0, 2034036.0)	(36.0, 3433216.0)	(37.0, 5348051.0)	(38.0, 5003520.0)	(39.0, 1205220.0)	(40.0, 12555.0)			
ERR950166_1_val_1	(19.0, 4.0)	(20.0, 39.0)	(21.0, 355.0)	(22.0, 2303.0)	(23.0, 10596.0)	(24.0, 32658.0)	(25.0, 80144.0)	(26.0, 164445.0)	(27.0, 289814.0)	(28.0, 461024.0)	(29.0, 672675.0)	(30.0, 930811.0)	(31.0, 1254469.0)	(32.0, 1679693.0)	(33.0, 2218743.0)	(34.0, 2845008.0)	(35.0, 3533052.0)	(36.0, 4334610.0)	(37.0, 4364230.0)	(38.0, 1945321.0)	(39.0, 288384.0)	(40.0, 278.0)							
ERR950166_2_val_2	(14.0, 4.0)	(15.0, 12.0)	(16.0, 51.0)	(17.0, 183.0)	(18.0, 529.0)	(19.0, 1252.0)	(20.0, 6982.0)	(21.0, 18842.0)	(22.0, 38301.0)	(23.0, 67572.0)	(24.0, 107955.0)	(25.0, 162546.0)	(26.0, 231652.0)	(27.0, 314992.0)	(28.0, 413270.0)	(29.0, 532973.0)	(30.0, 675570.0)	(31.0, 853300.0)	(32.0, 1088902.0)	(33.0, 1413418.0)	(34.0, 1900716.0)	(35.0, 2600720.0)	(36.0, 3832374.0)	(37.0, 5299043.0)	(38.0, 4486064.0)	(39.0, 1051903.0)	(40.0, 9530.0)		
ERR950167_1_val_1	(18.0, 2.0)	(19.0, 3.0)	(20.0, 79.0)	(21.0, 573.0)	(22.0, 3361.0)	(23.0, 14109.0)	(24.0, 44129.0)	(25.0, 106659.0)	(26.0, 216722.0)	(27.0, 376479.0)	(28.0, 580968.0)	(29.0, 818485.0)	(30.0, 1070921.0)	(31.0, 1345789.0)	(32.0, 1678295.0)	(33.0, 2125760.0)	(34.0, 2802128.0)	(35.0, 3952192.0)	(36.0, 5992862.0)	(37.0, 6929178.0)	(38.0, 2664414.0)	(39.0, 739292.0)	(40.0, 959.0)						
ERR950167_2_val_2	(13.0, 3.0)	(14.0, 2.0)	(15.0, 23.0)	(16.0, 55.0)	(17.0, 219.0)	(18.0, 504.0)	(19.0, 1229.0)	(20.0, 6401.0)	(21.0, 17056.0)	(22.0, 34260.0)	(23.0, 61180.0)	(24.0, 99227.0)	(25.0, 150705.0)	(26.0, 217237.0)	(27.0, 302497.0)	(28.0, 407353.0)	(29.0, 538739.0)	(30.0, 701662.0)	(31.0, 920917.0)	(32.0, 1224309.0)	(33.0, 1668863.0)	(34.0, 2378045.0)	(35.0, 3393069.0)	(36.0, 5764516.0)	(37.0, 7653187.0)	(38.0, 4910234.0)	(39.0, 1006701.0)	(40.0, 5166.0)	
ERR950168_1_val_1	(20.0, 31.0)	(21.0, 208.0)	(22.0, 1357.0)	(23.0, 6089.0)	(24.0, 20077.0)	(25.0, 51302.0)	(26.0, 107653.0)	(27.0, 195999.0)	(28.0, 314087.0)	(29.0, 460408.0)	(30.0, 630300.0)	(31.0, 833500.0)	(32.0, 1096095.0)	(33.0, 1475528.0)	(34.0, 2090218.0)	(35.0, 3165204.0)	(36.0, 5113966.0)	(37.0, 5791368.0)	(38.0, 2087548.0)	(39.0, 428519.0)	(40.0, 334.0)								
ERR950168_2_val_2	(15.0, 10.0)	(16.0, 34.0)	(17.0, 136.0)	(18.0, 325.0)	(19.0, 693.0)	(20.0, 2918.0)	(21.0, 7435.0)	(22.0, 14571.0)	(23.0, 25490.0)	(24.0, 41764.0)	(25.0, 65181.0)	(26.0, 97672.0)	(27.0, 140547.0)	(28.0, 197398.0)	(29.0, 272452.0)	(30.0, 377966.0)	(31.0, 523388.0)	(32.0, 741334.0)	(33.0, 1082063.0)	(34.0, 1667890.0)	(35.0, 2613916.0)	(36.0, 4402567.0)	(37.0, 5881014.0)	(38.0, 4615539.0)	(39.0, 1088252.0)	(40.0, 9236.0)			
ERR950169_1_val_1	(18.0, 1.0)	(19.0, 5.0)	(20.0, 32.0)	(21.0, 344.0)	(22.0, 2400.0)	(23.0, 10613.0)	(24.0, 33021.0)	(25.0, 82182.0)	(26.0, 171016.0)	(27.0, 307541.0)	(28.0, 497738.0)	(29.0, 744366.0)	(30.0, 1068059.0)	(31.0, 1507315.0)	(32.0, 2114609.0)	(33.0, 2880791.0)	(34.0, 3735566.0)	(35.0, 4660436.0)	(36.0, 5661195.0)	(37.0, 5177973.0)	(38.0, 2061127.0)	(39.0, 423026.0)	(40.0, 329.0)						
ERR950169_2_val_2	(14.0, 11.0)	(15.0, 25.0)	(16.0, 87.0)	(17.0, 338.0)	(18.0, 881.0)	(19.0, 1905.0)	(20.0, 6682.0)	(21.0, 16065.0)	(22.0, 31790.0)	(23.0, 56270.0)	(24.0, 92739.0)	(25.0, 144177.0)	(26.0, 213577.0)	(27.0, 302561.0)	(28.0, 412377.0)	(29.0, 546204.0)	(30.0, 712852.0)	(31.0, 925379.0)	(32.0, 1209894.0)	(33.0, 1622072.0)	(34.0, 2277762.0)	(35.0, 3295943.0)	(36.0, 5179397.0)	(37.0, 6851733.0)	(38.0, 5660408.0)	(39.0, 1559159.0)	(40.0, 19397.0)		
ERR950170_1_val_1	(18.0, 1.0)	(19.0, 1.0)	(20.0, 37.0)	(21.0, 388.0)	(22.0, 2535.0)	(23.0, 11522.0)	(24.0, 36027.0)	(25.0, 88933.0)	(26.0, 181939.0)	(27.0, 323443.0)	(28.0, 513126.0)	(29.0, 751073.0)	(30.0, 1040539.0)	(31.0, 1410070.0)	(32.0, 1898732.0)	(33.0, 2520043.0)	(34.0, 3216882.0)	(35.0, 3964312.0)	(36.0, 4733672.0)	(37.0, 4539909.0)	(38.0, 1774144.0)	(39.0, 293175.0)	(40.0, 294.0)						
ERR950170_2_val_2	(14.0, 5.0)	(15.0, 9.0)	(16.0, 70.0)	(17.0, 267.0)	(18.0, 641.0)	(19.0, 1681.0)	(20.0, 9390.0)	(21.0, 25488.0)	(22.0, 51820.0)	(23.0, 91008.0)	(24.0, 143656.0)	(25.0, 213145.0)	(26.0, 299217.0)	(27.0, 400522.0)	(28.0, 519733.0)	(29.0, 658208.0)	(30.0, 825215.0)	(31.0, 1024048.0)	(32.0, 1282319.0)	(33.0, 1628697.0)	(34.0, 2136256.0)	(35.0, 2861726.0)	(36.0, 4111110.0)	(37.0, 5575760.0)	(38.0, 4421253.0)	(39.0, 1010030.0)	(40.0, 9523.0)		
ERR950171_1_val_1	(19.0, 1.0)	(20.0, 31.0)	(21.0, 390.0)	(22.0, 2593.0)	(23.0, 11983.0)	(24.0, 38839.0)	(25.0, 98185.0)	(26.0, 203927.0)	(27.0, 368191.0)	(28.0, 592719.0)	(29.0, 880595.0)	(30.0, 1253301.0)	(31.0, 1739937.0)	(32.0, 2407040.0)	(33.0, 3270334.0)	(34.0, 4274087.0)	(35.0, 5387584.0)	(36.0, 6736510.0)	(37.0, 6846325.0)	(38.0, 2962822.0)	(39.0, 527956.0)	(40.0, 522.0)							
ERR950171_2_val_2	(13.0, 1.0)	(14.0, 3.0)	(15.0, 18.0)	(16.0, 93.0)	(17.0, 366.0)	(18.0, 884.0)	(19.0, 1968.0)	(20.0, 8539.0)	(21.0, 22282.0)	(22.0, 46180.0)	(23.0, 81670.0)	(24.0, 132660.0)	(25.0, 203552.0)	(26.0, 295790.0)	(27.0, 409041.0)	(28.0, 549384.0)	(29.0, 718662.0)	(30.0, 925756.0)	(31.0, 1187257.0)	(32.0, 1533313.0)	(33.0, 2019291.0)	(34.0, 2757657.0)	(35.0, 3853702.0)	(36.0, 5867605.0)	(37.0, 8247704.0)	(38.0, 6958317.0)	(39.0, 1764511.0)	(40.0, 17666.0)	
ERR950172_1_val_1	(18.0, 1.0)	(19.0, 1.0)	(20.0, 20.0)	(21.0, 191.0)	(22.0, 1290.0)	(23.0, 6379.0)	(24.0, 20058.0)	(25.0, 51530.0)	(26.0, 106476.0)	(27.0, 189943.0)	(28.0, 301936.0)	(29.0, 436778.0)	(30.0, 589659.0)	(31.0, 770814.0)	(32.0, 998605.0)	(33.0, 1319015.0)	(34.0, 1820100.0)	(35.0, 2677798.0)	(36.0, 4209152.0)	(37.0, 5419804.0)	(38.0, 2856155.0)	(39.0, 616108.0)	(40.0, 1264.0)						
ERR950172_2_val_2	(12.0, 1.0)	(13.0, 0.0)	(14.0, 3.0)	(15.0, 11.0)	(16.0, 39.0)	(17.0, 186.0)	(18.0, 595.0)	(19.0, 1309.0)	(20.0, 5023.0)	(21.0, 12414.0)	(22.0, 24837.0)	(23.0, 43777.0)	(24.0, 71335.0)	(25.0, 108118.0)	(26.0, 158893.0)	(27.0, 221648.0)	(28.0, 299302.0)	(29.0, 394643.0)	(30.0, 514510.0)	(31.0, 665615.0)	(32.0, 868693.0)	(33.0, 1156438.0)	(34.0, 1588792.0)	(35.0, 2255881.0)	(36.0, 3465590.0)	(37.0, 5034430.0)	(38.0, 4339198.0)	(39.0, 1148568.0)	(40.0, 13228.0)
ERR950173_1_val_1	(19.0, 1.0)	(20.0, 35.0)	(21.0, 201.0)	(22.0, 1198.0)	(23.0, 5359.0)	(24.0, 17247.0)	(25.0, 42361.0)	(26.0, 87041.0)	(27.0, 155916.0)	(28.0, 247093.0)	(29.0, 357606.0)	(30.0, 485247.0)	(31.0, 632521.0)	(32.0, 823273.0)	(33.0, 1097068.0)	(34.0, 1536661.0)	(35.0, 2310542.0)	(36.0, 3844471.0)	(37.0, 5082021.0)	(38.0, 2010631.0)	(39.0, 198273.0)	(40.0, 143.0)							
ERR950173_2_val_2	(14.0, 2.0)	(15.0, 4.0)	(16.0, 14.0)	(17.0, 130.0)	(18.0, 346.0)	(19.0, 755.0)	(20.0, 3824.0)	(21.0, 9763.0)	(22.0, 19463.0)	(23.0, 34571.0)	(24.0, 54947.0)	(25.0, 82413.0)	(26.0, 117946.0)	(27.0, 162063.0)	(28.0, 216308.0)	(29.0, 283462.0)	(30.0, 366068.0)	(31.0, 474344.0)	(32.0, 629953.0)	(33.0, 865551.0)	(34.0, 1265093.0)	(35.0, 1881469.0)	(36.0, 3139066.0)	(37.0, 4668689.0)	(38.0, 3954621.0)	(39.0, 699194.0)	(40.0, 4850.0)		
ERR950174_1_val_1	(19.0, 1.0)	(20.0, 13.0)	(21.0, 195.0)	(22.0, 1236.0)	(23.0, 5922.0)	(24.0, 19326.0)	(25.0, 49732.0)	(26.0, 104982.0)	(27.0, 192669.0)	(28.0, 310167.0)	(29.0, 456004.0)	(30.0, 625554.0)	(31.0, 826470.0)	(32.0, 1086568.0)	(33.0, 1465087.0)	(34.0, 2066241.0)	(35.0, 3143079.0)	(36.0, 5155878.0)	(37.0, 6138549.0)	(38.0, 2112567.0)	(39.0, 274270.0)	(40.0, 206.0)							
ERR950174_2_val_2	(14.0, 1.0)	(15.0, 5.0)	(16.0, 28.0)	(17.0, 156.0)	(18.0, 386.0)	(19.0, 714.0)	(20.0, 3417.0)	(21.0, 8198.0)	(22.0, 15814.0)	(23.0, 27137.0)	(24.0, 42909.0)	(25.0, 65518.0)	(26.0, 96088.0)	(27.0, 136768.0)	(28.0, 191670.0)	(29.0, 261936.0)	(30.0, 358741.0)	(31.0, 494251.0)	(32.0, 697105.0)	(33.0, 1008598.0)	(34.0, 1540663.0)	(35.0, 2408503.0)	(36.0, 4227713.0)	(37.0, 6340522.0)	(38.0, 5137269.0)	(39.0, 963412.0)	(40.0, 7194.0)		
ERR950175_1_val_1	(19.0, 2.0)	(20.0, 38.0)	(21.0, 342.0)	(22.0, 2416.0)	(23.0, 10979.0)	(24.0, 35066.0)	(25.0, 85186.0)	(26.0, 175481.0)	(27.0, 311748.0)	(28.0, 497707.0)	(29.0, 728842.0)	(30.0, 1011374.0)	(31.0, 1373967.0)	(32.0, 1861648.0)	(33.0, 2477909.0)	(34.0, 3163814.0)	(35.0, 3887480.0)	(36.0, 4673429.0)	(37.0, 4292270.0)	(38.0, 1575721.0)	(39.0, 238070.0)	(40.0, 229.0)							
ERR950175_2_val_2	(14.0, 3.0)	(15.0, 22.0)	(16.0, 69.0)	(17.0, 257.0)	(18.0, 606.0)	(19.0, 1699.0)	(20.0, 8924.0)	(21.0, 24768.0)	(22.0, 50689.0)	(23.0, 88411.0)	(24.0, 141336.0)	(25.0, 208635.0)	(26.0, 293958.0)	(27.0, 393671.0)	(28.0, 511731.0)	(29.0, 648228.0)	(30.0, 810784.0)	(31.0, 1010669.0)	(32.0, 1261744.0)	(33.0, 1616598.0)	(34.0, 2141552.0)	(35.0, 2893156.0)	(36.0, 4182289.0)	(37.0, 5276596.0)	(38.0, 3980348.0)	(39.0, 849642.0)	(40.0, 7333.0)		
ERR950176_1_val_1	(19.0, 2.0)	(20.0, 32.0)	(21.0, 341.0)	(22.0, 2124.0)	(23.0, 9314.0)	(24.0, 29932.0)	(25.0, 74300.0)	(26.0, 152949.0)	(27.0, 271535.0)	(28.0, 429484.0)	(29.0, 621125.0)	(30.0, 855955.0)	(31.0, 1148963.0)	(32.0, 1540429.0)	(33.0, 2054117.0)	(34.0, 2657342.0)	(35.0, 3348498.0)	(36.0, 4174064.0)	(37.0, 4017193.0)	(38.0, 1348188.0)	(39.0, 279738.0)	(40.0, 311.0)							
ERR950176_2_val_2	(14.0, 5.0)	(15.0, 19.0)	(16.0, 69.0)	(17.0, 214.0)	(18.0, 542.0)	(19.0, 1399.0)	(20.0, 6304.0)	(21.0, 15954.0)	(22.0, 31617.0)	(23.0, 55421.0)	(24.0, 87479.0)	(25.0, 131840.0)	(26.0, 188674.0)	(27.0, 258798.0)	(28.0, 344554.0)	(29.0, 452909.0)	(30.0, 589711.0)	(31.0, 771347.0)	(32.0, 1010825.0)	(33.0, 1339370.0)	(34.0, 1808172.0)	(35.0, 2528545.0)	(36.0, 4148902.0)	(37.0, 5447299.0)	(38.0, 3200332.0)	(39.0, 592245.0)	(40.0, 3390.0)		
ERR950177_1_val_1	(20.0, 21.0)	(21.0, 209.0)	(22.0, 1446.0)	(23.0, 6479.0)	(24.0, 20649.0)	(25.0, 52566.0)	(26.0, 109511.0)	(27.0, 197814.0)	(28.0, 317200.0)	(29.0, 461917.0)	(30.0, 626505.0)	(31.0, 822048.0)	(32.0, 1066898.0)	(33.0, 1409409.0)	(34.0, 1935652.0)	(35.0, 2834339.0)	(36.0, 4370879.0)	(37.0, 5201118.0)	(38.0, 2328827.0)	(39.0, 381836.0)	(40.0, 760.0)								
ERR950177_2_val_2	(14.0, 2.0)	(15.0, 8.0)	(16.0, 30.0)	(17.0, 151.0)	(18.0, 450.0)	(19.0, 1086.0)	(20.0, 5609.0)	(21.0, 14333.0)	(22.0, 29438.0)	(23.0, 52993.0)	(24.0, 86257.0)	(25.0, 131101.0)	(26.0, 190008.0)	(27.0, 262082.0)	(28.0, 351344.0)	(29.0, 456391.0)	(30.0, 585519.0)	(31.0, 751186.0)	(32.0, 972553.0)	(33.0, 1282558.0)	(34.0, 1756166.0)	(35.0, 2481970.0)	(36.0, 3742092.0)	(37.0, 4737828.0)	(38.0, 3511681.0)	(39.0, 736918.0)	(40.0, 6329.0)		
ERR950178_1_val_1	(20.0, 24.0)	(21.0, 236.0)	(22.0, 1364.0)	(23.0, 6459.0)	(24.0, 20572.0)	(25.0, 52379.0)	(26.0, 109010.0)	(27.0, 194259.0)	(28.0, 309144.0)	(29.0, 447505.0)	(30.0, 605937.0)	(31.0, 791828.0)	(32.0, 1021586.0)	(33.0, 1340225.0)	(34.0, 1841214.0)	(35.0, 2708339.0)	(36.0, 4383337.0)	(37.0, 6029290.0)	(38.0, 3659678.0)	(39.0, 990812.0)	(40.0, 1835.0)								
ERR950178_2_val_2	(14.0, 5.0)	(15.0, 14.0)	(16.0, 51.0)	(17.0, 210.0)	(18.0, 678.0)	(19.0, 1424.0)	(20.0, 5322.0)	(21.0, 12759.0)	(22.0, 25189.0)	(23.0, 44799.0)	(24.0, 72268.0)	(25.0, 110768.0)	(26.0, 159858.0)	(27.0, 222993.0)	(28.0, 299568.0)	(29.0, 394931.0)	(30.0, 511419.0)	(31.0, 659390.0)	(32.0, 855166.0)	(33.0, 1132019.0)	(34.0, 1551837.0)	(35.0, 2189175.0)	(36.0, 3484968.0)	(37.0, 5466081.0)	(38.0, 5409986.0)	(39.0, 1880758.0)	(40.0, 23397.0)		
ERR950179_1_val_1	(20.0, 16.0)	(21.0, 155.0)	(22.0, 846.0)	(23.0, 3483.0)	(24.0, 11299.0)	(25.0, 29110.0)	(26.0, 61215.0)	(27.0, 113140.0)	(28.0, 183991.0)	(29.0, 274062.0)	(30.0, 379723.0)	(31.0, 510075.0)	(32.0, 682716.0)	(33.0, 934539.0)	(34.0, 1345226.0)	(35.0, 2072386.0)	(36.0, 3496837.0)	(37.0, 4546020.0)	(38.0, 1906265.0)	(39.0, 332443.0)	(40.0, 275.0)								
ERR950179_2_val_2	(13.0, 2.0)	(14.0, 1.0)	(15.0, 7.0)	(16.0, 28.0)	(17.0, 142.0)	(18.0, 338.0)	(19.0, 657.0)	(20.0, 2448.0)	(21.0, 5713.0)	(22.0, 10476.0)	(23.0, 18198.0)	(24.0, 28965.0)	(25.0, 43889.0)	(26.0, 64609.0)	(27.0, 91629.0)	(28.0, 128205.0)	(29.0, 175690.0)	(30.0, 239863.0)	(31.0, 327564.0)	(32.0, 459927.0)	(33.0, 662727.0)	(34.0, 1012248.0)	(35.0, 1568650.0)	(36.0, 2704424.0)	(37.0, 4335397.0)	(38.0, 3997806.0)	(39.0, 994160.0)	(40.0, 10059.0)	
ERR950180_1_val_1	(19.0, 1.0)	(20.0, 29.0)	(21.0, 243.0)	(22.0, 1602.0)	(23.0, 7580.0)	(24.0, 25223.0)	(25.0, 64762.0)	(26.0, 135184.0)	(27.0, 244362.0)	(28.0, 392448.0)	(29.0, 571605.0)	(30.0, 779307.0)	(31.0, 1023445.0)	(32.0, 1338822.0)	(33.0, 1787202.0)	(34.0, 2500975.0)	(35.0, 3756606.0)	(36.0, 6037177.0)	(37.0, 7691132.0)	(38.0, 3894885.0)	(39.0, 721913.0)	(40.0, 1305.0)							
ERR950180_2_val_2	(12.0, 1.0)	(13.0, 1.0)	(14.0, 4.0)	(15.0, 13.0)	(16.0, 66.0)	(17.0, 277.0)	(18.0, 833.0)	(19.0, 1742.0)	(20.0, 7379.0)	(21.0, 18098.0)	(22.0, 35840.0)	(23.0, 63080.0)	(24.0, 101773.0)	(25.0, 154764.0)	(26.0, 223868.0)	(27.0, 311960.0)	(28.0, 418688.0)	(29.0, 550023.0)	(30.0, 711506.0)	(31.0, 923398.0)	(32.0, 1209590.0)	(33.0, 1616155.0)	(34.0, 2240202.0)	(35.0, 3185945.0)	(36.0, 4950190.0)	(37.0, 7001306.0)	(38.0, 5806587.0)	(39.0, 1428261.0)	(40.0, 14258.0)
ERR950181_1_val_1	(18.0, 1.0)	(19.0, 0.0)	(20.0, 35.0)	(21.0, 373.0)	(22.0, 2512.0)	(23.0, 10886.0)	(24.0, 33885.0)	(25.0, 82911.0)	(26.0, 167923.0)	(27.0, 296522.0)	(28.0, 469069.0)	(29.0, 680306.0)	(30.0, 937668.0)	(31.0, 1268975.0)	(32.0, 1705488.0)	(33.0, 2260451.0)	(34.0, 2886269.0)	(35.0, 3533499.0)	(36.0, 4241965.0)	(37.0, 3937439.0)	(38.0, 1522193.0)	(39.0, 305833.0)	(40.0, 315.0)						
ERR950181_2_val_2	(12.0, 1.0)	(13.0, 2.0)	(14.0, 10.0)	(15.0, 16.0)	(16.0, 78.0)	(17.0, 260.0)	(18.0, 579.0)	(19.0, 1506.0)	(20.0, 8091.0)	(21.0, 22199.0)	(22.0, 45210.0)	(23.0, 78226.0)	(24.0, 124470.0)	(25.0, 185458.0)	(26.0, 260150.0)	(27.0, 349284.0)	(28.0, 454474.0)	(29.0, 578353.0)	(30.0, 724051.0)	(31.0, 903022.0)	(32.0, 1134308.0)	(33.0, 1456222.0)	(34.0, 1932097.0)	(35.0, 2597732.0)	(36.0, 3783883.0)	(37.0, 4884517.0)	(38.0, 3836995.0)	(39.0, 973465.0)	(40.0, 9859.0)
ERR950182_1_val_1	(19.0, 2.0)	(20.0, 39.0)	(21.0, 295.0)	(22.0, 2113.0)	(23.0, 9230.0)	(24.0, 28747.0)	(25.0, 69812.0)	(26.0, 142864.0)	(27.0, 249590.0)	(28.0, 390396.0)	(29.0, 554264.0)	(30.0, 736584.0)	(31.0, 938276.0)	(32.0, 1182208.0)	(33.0, 1509269.0)	(34.0, 2004584.0)	(35.0, 2854635.0)	(36.0, 4549613.0)	(37.0, 5936148.0)	(38.0, 2637006.0)	(39.0, 409884.0)	(40.0, 522.0)							
ERR950182_2_val_2	(14.0, 2.0)	(15.0, 12.0)	(16.0, 46.0)	(17.0, 181.0)	(18.0, 471.0)	(19.0, 1203.0)	(20.0, 6792.0)	(21.0, 18365.0)	(22.0, 36857.0)	(23.0, 64550.0)	(24.0, 101805.0)	(25.0, 152213.0)	(26.0, 213000.0)	(27.0, 288232.0)	(28.0, 377172.0)	(29.0, 481993.0)	(30.0, 609583.0)	(31.0, 764623.0)	(32.0, 974993.0)	(33.0, 1276137.0)	(34.0, 1753472.0)	(35.0, 2469818.0)	(36.0, 3861425.0)	(37.0, 5376563.0)	(38.0, 4404717.0)	(39.0, 963122.0)	(40.0, 8734.0)		
ERR950183_1_val_1	(20.0, 1.0)	(21.0, 3.0)	(22.0, 17.0)	(23.0, 80.0)	(24.0, 266.0)	(25.0, 880.0)	(26.0, 2360.0)	(27.0, 5557.0)	(28.0, 14558.0)	(29.0, 44358.0)	(30.0, 117390.0)	(31.0, 258657.0)	(32.0, 502275.0)	(33.0, 914989.0)	(34.0, 1649585.0)	(35.0, 3051922.0)	(36.0, 5993639.0)	(37.0, 9074870.0)	(38.0, 5010687.0)	(39.0, 903385.0)	(40.0, 1614.0)								
ERR950183_2_val_2	(14.0, 1.0)	(15.0, 9.0)	(16.0, 16.0)	(17.0, 107.0)	(18.0, 267.0)	(19.0, 553.0)	(20.0, 764.0)	(21.0, 1017.0)	(22.0, 1295.0)	(23.0, 1850.0)	(24.0, 3084.0)	(25.0, 5076.0)	(26.0, 8256.0)	(27.0, 14123.0)	(28.0, 36342.0)	(29.0, 85740.0)	(30.0, 176213.0)	(31.0, 331746.0)	(32.0, 576640.0)	(33.0, 958346.0)	(34.0, 1564939.0)	(35.0, 2536279.0)	(36.0, 4604936.0)	(37.0, 7492160.0)	(38.0, 7174918.0)	(39.0, 1949580.0)	(40.0, 22836.0)		
ERR950184_1_val_1	(18.0, 2.0)	(19.0, 3.0)	(20.0, 29.0)	(21.0, 260.0)	(22.0, 2014.0)	(23.0, 8537.0)	(24.0, 26461.0)	(25.0, 65996.0)	(26.0, 135296.0)	(27.0, 243030.0)	(28.0, 392690.0)	(29.0, 592678.0)	(30.0, 854682.0)	(31.0, 1206475.0)	(32.0, 1687758.0)	(33.0, 2299023.0)	(34.0, 2967540.0)	(35.0, 3607770.0)	(36.0, 4200956.0)	(37.0, 3786572.0)	(38.0, 1413811.0)	(39.0, 236318.0)	(40.0, 177.0)						
ERR950184_2_val_2	(13.0, 1.0)	(14.0, 4.0)	(15.0, 18.0)	(16.0, 68.0)	(17.0, 268.0)	(18.0, 659.0)	(19.0, 1532.0)	(20.0, 6696.0)	(21.0, 17760.0)	(22.0, 35245.0)	(23.0, 62100.0)	(24.0, 98866.0)	(25.0, 148231.0)	(26.0, 209861.0)	(27.0, 285650.0)	(28.0, 376207.0)	(29.0, 483354.0)	(30.0, 615036.0)	(31.0, 780882.0)	(32.0, 998584.0)	(33.0, 1307608.0)	(34.0, 1778419.0)	(35.0, 2485679.0)	(36.0, 3649864.0)	(37.0, 5030759.0)	(38.0, 4274077.0)	(39.0, 1069174.0)	(40.0, 11476.0)	
ERR950185_1_val_1	(19.0, 2.0)	(20.0, 14.0)	(21.0, 164.0)	(22.0, 927.0)	(23.0, 4285.0)	(24.0, 14021.0)	(25.0, 36708.0)	(26.0, 78361.0)	(27.0, 143584.0)	(28.0, 233070.0)	(29.0, 345523.0)	(30.0, 477880.0)	(31.0, 641185.0)	(32.0, 855908.0)	(33.0, 1176603.0)	(34.0, 1702701.0)	(35.0, 2652396.0)	(36.0, 4410808.0)	(37.0, 5790197.0)	(38.0, 3047961.0)	(39.0, 678618.0)	(40.0, 1146.0)							
ERR950185_2_val_2	(13.0, 1.0)	(14.0, 2.0)	(15.0, 8.0)	(16.0, 41.0)	(17.0, 261.0)	(18.0, 685.0)	(19.0, 1393.0)	(20.0, 4705.0)	(21.0, 10945.0)	(22.0, 21364.0)	(23.0, 37305.0)	(24.0, 59281.0)	(25.0, 90814.0)	(26.0, 131958.0)	(27.0, 183776.0)	(28.0, 249446.0)	(29.0, 329092.0)	(30.0, 431404.0)	(31.0, 562548.0)	(32.0, 745686.0)	(33.0, 1015580.0)	(34.0, 1443240.0)	(35.0, 2096849.0)	(36.0, 3439800.0)	(37.0, 5177271.0)	(38.0, 4811401.0)	(39.0, 1430040.0)	(40.0, 17166.0)	
ERR950186_1_val_1	(19.0, 2.0)	(20.0, 34.0)	(21.0, 388.0)	(22.0, 2401.0)	(23.0, 10926.0)	(24.0, 34437.0)	(25.0, 84913.0)	(26.0, 173768.0)	(27.0, 309066.0)	(28.0, 488083.0)	(29.0, 709695.0)	(30.0, 972575.0)	(31.0, 1299330.0)	(32.0, 1732126.0)	(33.0, 2285396.0)	(34.0, 2938391.0)	(35.0, 3688754.0)	(36.0, 4610411.0)	(37.0, 4582143.0)	(38.0, 1864644.0)	(39.0, 301761.0)	(40.0, 373.0)							
ERR950186_2_val_2	(14.0, 3.0)	(15.0, 7.0)	(16.0, 48.0)	(17.0, 188.0)	(18.0, 506.0)	(19.0, 1361.0)	(20.0, 7418.0)	(21.0, 20436.0)	(22.0, 41737.0)	(23.0, 73983.0)	(24.0, 117785.0)	(25.0, 177217.0)	(26.0, 251309.0)	(27.0, 344361.0)	(28.0, 452126.0)	(29.0, 584886.0)	(30.0, 739280.0)	(31.0, 937961.0)	(32.0, 1192754.0)	(33.0, 1554367.0)	(34.0, 2102836.0)	(35.0, 2885672.0)	(36.0, 4249972.0)	(37.0, 5474811.0)	(38.0, 4016183.0)	(39.0, 855535.0)	(40.0, 6875.0)		
ERR950187_1_val_1	(20.0, 22.0)	(21.0, 218.0)	(22.0, 1470.0)	(23.0, 6789.0)	(24.0, 22748.0)	(25.0, 58245.0)	(26.0, 121868.0)	(27.0, 219973.0)	(28.0, 351580.0)	(29.0, 514356.0)	(30.0, 700826.0)	(31.0, 930130.0)	(32.0, 1231043.0)	(33.0, 1685783.0)	(34.0, 2436712.0)	(35.0, 3640553.0)	(36.0, 5383398.0)	(37.0, 5169985.0)	(38.0, 1517670.0)	(39.0, 217357.0)	(40.0, 168.0)								
ERR950187_2_val_2	(14.0, 1.0)	(15.0, 7.0)	(16.0, 24.0)	(17.0, 110.0)	(18.0, 259.0)	(19.0, 640.0)	(20.0, 3256.0)	(21.0, 8515.0)	(22.0, 16932.0)	(23.0, 30119.0)	(24.0, 48893.0)	(25.0, 76226.0)	(26.0, 113951.0)	(27.0, 164545.0)	(28.0, 231341.0)	(29.0, 320684.0)	(30.0, 440692.0)	(31.0, 613310.0)	(32.0, 869631.0)	(33.0, 1260697.0)	(34.0, 1908121.0)	(35.0, 2920286.0)	(36.0, 4752111.0)	(37.0, 5866685.0)	(38.0, 3860681.0)	(39.0, 698920.0)	(40.0, 4257.0)		
