Sample	fastqc-percent_duplicates	fastqc-percent_gc	fastqc-avg_sequence_length	fastqc-median_sequence_length	fastqc-percent_fails	fastqc-total_sequences
ERR950158_1_val_1	46.79158740910151	43.0	93.8209035876403	98	9.090909090909092	34.815837
ERR950158_2_val_2	43.15512398761173	42.0	94.01279413446242	100	9.090909090909092	34.815837
ERR950159_1_val_1	29.43293473564863	44.0	92.0980302101051	98	0.0	20.140016
ERR950159_2_val_2	61.330866368749845	43.0	94.28166204038766	100	18.181818181818183	20.140016
ERR950160_1_val_1	58.23682497213801	43.0	93.7261029055463	98	27.27272727272727	29.046345
ERR950160_2_val_2	54.737375395365085	42.0	94.10997998199085	100	18.181818181818183	29.046345
ERR950161_1_val_1	52.22928890503968	43.0	92.04048209886285	98	27.27272727272727	36.318028
ERR950161_2_val_2	48.79116797397954	42.0	92.62281624982502	100	9.090909090909092	36.318028
ERR950162_1_val_1	87.67478677729437	43.0	91.16194714688429	98	36.36363636363637	34.944657
ERR950162_2_val_2	86.63136685204083	43.0	91.17042500946569	98	36.36363636363637	34.944657
ERR950163_1_val_1	42.81632022857789	43.0	93.45214633809843	98	18.181818181818183	22.049159
ERR950163_2_val_2	41.445396751087905	42.0	93.57972272321135	98	9.090909090909092	22.049159
ERR950164_1_val_1	42.59257049827197	43.0	94.05571582863801	98	18.181818181818183	17.253885
ERR950164_2_val_2	39.594437360436544	42.0	94.35349050373293	100	9.090909090909092	17.253885
ERR950165_1_val_1	47.85251174142591	43.0	94.67832684079963	98	18.181818181818183	22.09461
ERR950165_2_val_2	45.32338459108125	42.0	95.2443793757844	100	9.090909090909092	22.09461
ERR950166_1_val_1	17.27098391215958	43.0	93.03303649546196	98	9.090909090909092	25.108656
ERR950166_2_val_2	44.39781320657915	42.0	94.59818008578397	100	9.090909090909092	25.108656
ERR950167_1_val_1	91.26571024520277	44.0	92.38078412098339	98	36.36363636363637	31.463358999999997
ERR950167_2_val_2	90.36876497192048	44.0	92.99206176619603	100	36.36363636363637	31.463358999999997
ERR950168_1_val_1	64.9391745433168	45.0	93.45100841058893	98	9.090909090909092	23.869791
ERR950168_2_val_2	64.01355811576924	44.0	94.11761181738039	100	18.181818181818183	23.869791
ERR950169_1_val_1	38.93347668603322	45.0	91.1686788257492	96	18.181818181818183	31.139685
ERR950169_2_val_2	74.04120547090224	45.0	93.55084531201905	98	18.181818181818183	31.139685
ERR950170_1_val_1	24.58936741830756	43.0	92.47158280763745	98	9.090909090909092	27.300797
ERR950170_2_val_2	59.07453676081211	42.0	94.00549363082696	100	27.27272727272727	27.300797
ERR950171_1_val_1	21.532532039741994	43.0	92.12990970717058	98	9.090909090909092	37.603871999999996
ERR950171_2_val_2	45.94717201584041	42.0	93.85461683307506	100	9.090909090909092	37.603871999999996
ERR950172_1_val_1	54.3965174890476	43.0	92.98087495970294	98	27.27272727272727	22.393076999999998
ERR950172_2_val_2	51.770775359962116	43.0	93.19438076777033	98	18.181818181818183	22.393076999999998
ERR950173_1_val_1	52.455959136956785	44.0	95.981574693599	100	27.27272727272727	18.934908999999998
ERR950173_2_val_2	48.55441355978405	43.0	96.413861746048	100	9.090909090909092	18.934908999999998
ERR950174_1_val_1	66.49825288948608	43.0	94.73410353590198	98	27.27272727272727	24.034716
ERR950174_2_val_2	63.73698030278579	42.0	95.63962819448335	100	18.181818181818183	24.034716
ERR950175_1_val_1	24.776645862831145	43.0	92.45935352740852	98	0.0	26.403717999999998
ERR950175_2_val_2	55.52444677360354	43.0	94.0628988311419	98	18.181818181818183	26.403717999999998
ERR950176_1_val_1	60.44872129658248	42.0	92.2442775301426	98	27.27272727272727	23.015936
ERR950176_2_val_2	93.00367092333627	43.0	93.94407457511178	100	36.36363636363637	23.015936
ERR950177_1_val_1	74.26832873350152	44.0	94.23020465966826	98	27.27272727272727	22.146082999999997
ERR950177_2_val_2	71.89712811323861	44.0	94.17293250007236	100	36.36363636363637	22.146082999999997
ERR950178_1_val_1	43.78579147458462	41.0	91.75670399872601	98	18.181818181818183	24.515033
ERR950178_2_val_2	42.149743529238	41.0	92.1670168055658	98	9.090909090909092	24.515033
ERR950179_1_val_1	54.83514792911816	43.0	94.03747771091166	98	27.27272727272727	16.883822
ERR950179_2_val_2	51.420244983005304	42.0	94.78827039280561	100	18.181818181818183	16.883822
ERR950180_1_val_1	51.58091359785471	43.0	93.8377171630196	98	27.27272727272727	30.975807999999997
ERR950180_2_val_2	49.85036803153542	42.0	93.97993892524127	100	9.090909090909092	30.975807999999997
ERR950181_1_val_1	25.89278319005824	43.0	91.57321582624886	98	0.0	24.344517999999997
ERR950181_2_val_2	55.79379516066463	43.0	93.2909996821461	98	18.181818181818183	24.344517999999997
ERR950182_1_val_1	61.08084495034679	43.0	94.77565321292613	100	27.27272727272727	24.206080999999998
ERR950182_2_val_2	59.58978619103908	43.0	94.87593388206872	100	18.181818181818183	24.206080999999998
ERR950183_1_val_1	48.39986220629795	43.0	91.12598619752727	96	9.090909090909092	27.547093
ERR950183_2_val_2	46.3643914618668	42.0	92.52604209453244	98	9.090909090909092	27.547093
ERR950184_1_val_1	22.287790026730974	44.0	91.69841185619838	98	9.090909090909092	23.728078
ERR950184_2_val_2	43.08823913328895	44.0	94.02023741661672	100	9.090909090909092	23.728078
ERR950185_1_val_1	49.34772291188813	43.0	93.17960191390101	98	9.090909090909092	22.292061999999998
ERR950185_2_val_2	47.72862052934143	42.0	93.6518580021893	100	9.090909090909092	22.292061999999998
ERR950186_1_val_1	25.148007573035343	43.0	93.00775800963272	98	0.0	26.089617
ERR950186_2_val_2	61.66217832747561	43.0	94.29370153268252	100	18.181818181818183	26.089617
ERR950187_1_val_1	74.42702328281274	47.0	94.28074498199034	98	27.27272727272727	24.210894
ERR950187_2_val_2	73.08783148756098	46.0	94.82097501232296	100	27.27272727272727	24.210894
