Sample	0	1	2	3	4	5	6	7	8	9	10	11	12	13	14	15	16	17	18	19	20	21	22	23	24	25	26	27	28	29	30	31	32	33	34	35	36	37	38
ERR950158_1	(2.0, 784.0)	(3.0, 619.0)	(4.0, 955.0)	(5.0, 1485.0)	(6.0, 2600.0)	(7.0, 5604.0)	(8.0, 11739.0)	(9.0, 19496.0)	(10.0, 28625.0)	(11.0, 40019.0)	(12.0, 52999.0)	(13.0, 64885.0)	(14.0, 76729.0)	(15.0, 91101.0)	(16.0, 110214.0)	(17.0, 133412.0)	(18.0, 160720.0)	(19.0, 189376.0)	(20.0, 221871.0)	(21.0, 256793.0)	(22.0, 294368.0)	(23.0, 342419.0)	(24.0, 403948.0)	(25.0, 482288.0)	(26.0, 584010.0)	(27.0, 711254.0)	(28.0, 870943.0)	(29.0, 1060208.0)	(30.0, 1287566.0)	(31.0, 1563427.0)	(32.0, 1916535.0)	(33.0, 2405602.0)	(34.0, 3136748.0)	(35.0, 4348779.0)	(36.0, 6476397.0)	(37.0, 7280331.0)	(38.0, 2390751.0)	(39.0, 54175.0)	
ERR950159_1	(2.0, 403.0)	(3.0, 405.0)	(4.0, 506.0)	(5.0, 842.0)	(6.0, 1409.0)	(7.0, 3212.0)	(8.0, 6742.0)	(9.0, 11504.0)	(10.0, 18092.0)	(11.0, 25673.0)	(12.0, 34109.0)	(13.0, 43574.0)	(14.0, 52694.0)	(15.0, 62714.0)	(16.0, 77626.0)	(17.0, 97005.0)	(18.0, 120937.0)	(19.0, 149958.0)	(20.0, 185718.0)	(21.0, 224948.0)	(22.0, 270423.0)	(23.0, 317770.0)	(24.0, 375866.0)	(25.0, 441355.0)	(26.0, 518407.0)	(27.0, 607237.0)	(28.0, 706769.0)	(29.0, 823716.0)	(30.0, 968081.0)	(31.0, 1151833.0)	(32.0, 1392409.0)	(33.0, 1719808.0)	(34.0, 2156209.0)	(35.0, 2755857.0)	(36.0, 3267880.0)	(37.0, 2376672.0)	(38.0, 458242.0)	(39.0, 6469.0)	
ERR950160_1	(2.0, 608.0)	(3.0, 507.0)	(4.0, 614.0)	(5.0, 961.0)	(6.0, 1720.0)	(7.0, 3891.0)	(8.0, 8481.0)	(9.0, 14097.0)	(10.0, 21564.0)	(11.0, 29822.0)	(12.0, 39390.0)	(13.0, 49659.0)	(14.0, 59445.0)	(15.0, 70011.0)	(16.0, 83445.0)	(17.0, 100076.0)	(18.0, 121062.0)	(19.0, 144811.0)	(20.0, 171150.0)	(21.0, 202258.0)	(22.0, 236813.0)	(23.0, 278302.0)	(24.0, 327348.0)	(25.0, 387835.0)	(26.0, 462129.0)	(27.0, 556013.0)	(28.0, 672065.0)	(29.0, 811241.0)	(30.0, 980013.0)	(31.0, 1197592.0)	(32.0, 1488215.0)	(33.0, 1918444.0)	(34.0, 2604577.0)	(35.0, 3780959.0)	(36.0, 5652014.0)	(37.0, 6217963.0)	(38.0, 2084146.0)	(39.0, 44676.0)	
ERR950161_1	(2.0, 660.0)	(3.0, 694.0)	(4.0, 880.0)	(5.0, 1391.0)	(6.0, 2313.0)	(7.0, 5023.0)	(8.0, 10835.0)	(9.0, 18684.0)	(10.0, 29074.0)	(11.0, 40300.0)	(12.0, 51487.0)	(13.0, 63109.0)	(14.0, 74713.0)	(15.0, 87490.0)	(16.0, 105117.0)	(17.0, 127630.0)	(18.0, 153795.0)	(19.0, 182315.0)	(20.0, 214031.0)	(21.0, 249910.0)	(22.0, 289443.0)	(23.0, 337689.0)	(24.0, 396752.0)	(25.0, 472644.0)	(26.0, 570514.0)	(27.0, 692721.0)	(28.0, 849453.0)	(29.0, 1041163.0)	(30.0, 1272794.0)	(31.0, 1559271.0)	(32.0, 1932394.0)	(33.0, 2464335.0)	(34.0, 3262457.0)	(35.0, 4585185.0)	(36.0, 7002148.0)	(37.0, 8063031.0)	(38.0, 2408068.0)	(39.0, 33476.0)	
ERR950162_1	(2.0, 825.0)	(3.0, 902.0)	(4.0, 1254.0)	(5.0, 2146.0)	(6.0, 3747.0)	(7.0, 9160.0)	(8.0, 19535.0)	(9.0, 32497.0)	(10.0, 48244.0)	(11.0, 64270.0)	(12.0, 81535.0)	(13.0, 97998.0)	(14.0, 113739.0)	(15.0, 129579.0)	(16.0, 152548.0)	(17.0, 185427.0)	(18.0, 227041.0)	(19.0, 272019.0)	(20.0, 320931.0)	(21.0, 372647.0)	(22.0, 430069.0)	(23.0, 495393.0)	(24.0, 575935.0)	(25.0, 677581.0)	(26.0, 809308.0)	(27.0, 972446.0)	(28.0, 1151877.0)	(29.0, 1316402.0)	(30.0, 1484272.0)	(31.0, 1760377.0)	(32.0, 2133718.0)	(33.0, 2646208.0)	(34.0, 3439522.0)	(35.0, 4700794.0)	(36.0, 6508058.0)	(37.0, 6276457.0)	(38.0, 1485971.0)	(39.0, 16732.0)	
ERR950163_1	(2.0, 494.0)	(3.0, 341.0)	(4.0, 497.0)	(5.0, 862.0)	(6.0, 1612.0)	(7.0, 3568.0)	(8.0, 7902.0)	(9.0, 13326.0)	(10.0, 19801.0)	(11.0, 27154.0)	(12.0, 35126.0)	(13.0, 43346.0)	(14.0, 49634.0)	(15.0, 57780.0)	(16.0, 68270.0)	(17.0, 81364.0)	(18.0, 99023.0)	(19.0, 117633.0)	(20.0, 138385.0)	(21.0, 161173.0)	(22.0, 187435.0)	(23.0, 218966.0)	(24.0, 258080.0)	(25.0, 305530.0)	(26.0, 366884.0)	(27.0, 444074.0)	(28.0, 536931.0)	(29.0, 647247.0)	(30.0, 778706.0)	(31.0, 946591.0)	(32.0, 1172808.0)	(33.0, 1501980.0)	(34.0, 2019852.0)	(35.0, 2895562.0)	(36.0, 4236130.0)	(37.0, 4505657.0)	(38.0, 1555500.0)	(39.0, 40049.0)	(40.0, 1.0)
ERR950164_1	(2.0, 390.0)	(3.0, 273.0)	(4.0, 317.0)	(5.0, 500.0)	(6.0, 916.0)	(7.0, 2029.0)	(8.0, 4506.0)	(9.0, 8039.0)	(10.0, 12341.0)	(11.0, 16764.0)	(12.0, 21487.0)	(13.0, 26962.0)	(14.0, 30628.0)	(15.0, 35152.0)	(16.0, 42093.0)	(17.0, 50602.0)	(18.0, 61476.0)	(19.0, 73610.0)	(20.0, 88037.0)	(21.0, 104347.0)	(22.0, 122718.0)	(23.0, 143763.0)	(24.0, 169517.0)	(25.0, 202093.0)	(26.0, 242668.0)	(27.0, 296421.0)	(28.0, 359935.0)	(29.0, 430001.0)	(30.0, 521204.0)	(31.0, 645272.0)	(32.0, 818230.0)	(33.0, 1079986.0)	(34.0, 1520178.0)	(35.0, 2294066.0)	(36.0, 3539856.0)	(37.0, 3932463.0)	(38.0, 1370279.0)	(39.0, 32982.0)	
ERR950165_1	(2.0, 421.0)	(3.0, 367.0)	(4.0, 511.0)	(5.0, 697.0)	(6.0, 1164.0)	(7.0, 2327.0)	(8.0, 4788.0)	(9.0, 7987.0)	(10.0, 12311.0)	(11.0, 17459.0)	(12.0, 23170.0)	(13.0, 29040.0)	(14.0, 34894.0)	(15.0, 41453.0)	(16.0, 49447.0)	(17.0, 60063.0)	(18.0, 73490.0)	(19.0, 87998.0)	(20.0, 104371.0)	(21.0, 122675.0)	(22.0, 143402.0)	(23.0, 168843.0)	(24.0, 201399.0)	(25.0, 240885.0)	(26.0, 291044.0)	(27.0, 354301.0)	(28.0, 434085.0)	(29.0, 536155.0)	(30.0, 660964.0)	(31.0, 822379.0)	(32.0, 1038885.0)	(33.0, 1363853.0)	(34.0, 1883891.0)	(35.0, 2813687.0)	(36.0, 4538252.0)	(37.0, 5336689.0)	(38.0, 1552131.0)	(39.0, 20370.0)	
ERR950166_1	(2.0, 498.0)	(3.0, 326.0)	(4.0, 523.0)	(5.0, 946.0)	(6.0, 1792.0)	(7.0, 4170.0)	(8.0, 8972.0)	(9.0, 15976.0)	(10.0, 23891.0)	(11.0, 32189.0)	(12.0, 41337.0)	(13.0, 50685.0)	(14.0, 60741.0)	(15.0, 72627.0)	(16.0, 88629.0)	(17.0, 110065.0)	(18.0, 135401.0)	(19.0, 166432.0)	(20.0, 203931.0)	(21.0, 244437.0)	(22.0, 291406.0)	(23.0, 344411.0)	(24.0, 406348.0)	(25.0, 481326.0)	(26.0, 573852.0)	(27.0, 684632.0)	(28.0, 812010.0)	(29.0, 960197.0)	(30.0, 1139570.0)	(31.0, 1367325.0)	(32.0, 1651850.0)	(33.0, 2029651.0)	(34.0, 2550551.0)	(35.0, 3262829.0)	(36.0, 4013437.0)	(37.0, 3579612.0)	(38.0, 1159011.0)	(39.0, 34869.0)	
ERR950167_1	(2.0, 881.0)	(3.0, 752.0)	(4.0, 1233.0)	(5.0, 2202.0)	(6.0, 2776.0)	(7.0, 5528.0)	(8.0, 10442.0)	(9.0, 16735.0)	(10.0, 24224.0)	(11.0, 33410.0)	(12.0, 45639.0)	(13.0, 58160.0)	(14.0, 65509.0)	(15.0, 76536.0)	(16.0, 92618.0)	(17.0, 116313.0)	(18.0, 142853.0)	(19.0, 172281.0)	(20.0, 201872.0)	(21.0, 236077.0)	(22.0, 273649.0)	(23.0, 317987.0)	(24.0, 373289.0)	(25.0, 440462.0)	(26.0, 531864.0)	(27.0, 645491.0)	(28.0, 787637.0)	(29.0, 961719.0)	(30.0, 1168091.0)	(31.0, 1425827.0)	(32.0, 1769117.0)	(33.0, 2255031.0)	(34.0, 3005244.0)	(35.0, 4322685.0)	(36.0, 6524952.0)	(37.0, 6382586.0)	(38.0, 989338.0)	(39.0, 4804.0)	
ERR950168_1	(2.0, 480.0)	(3.0, 484.0)	(4.0, 717.0)	(5.0, 1075.0)	(6.0, 1534.0)	(7.0, 2924.0)	(8.0, 5338.0)	(9.0, 8444.0)	(10.0, 12785.0)	(11.0, 18480.0)	(12.0, 25481.0)	(13.0, 33990.0)	(14.0, 42040.0)	(15.0, 50628.0)	(16.0, 61650.0)	(17.0, 76871.0)	(18.0, 94911.0)	(19.0, 114064.0)	(20.0, 136001.0)	(21.0, 158825.0)	(22.0, 184200.0)	(23.0, 213351.0)	(24.0, 250206.0)	(25.0, 293303.0)	(26.0, 350167.0)	(27.0, 420843.0)	(28.0, 508618.0)	(29.0, 620081.0)	(30.0, 760415.0)	(31.0, 946797.0)	(32.0, 1205375.0)	(33.0, 1603082.0)	(34.0, 2241738.0)	(35.0, 3384088.0)	(36.0, 5292558.0)	(37.0, 4899240.0)	(38.0, 886882.0)	(39.0, 5624.0)	
ERR950169_1	(2.0, 572.0)	(3.0, 538.0)	(4.0, 768.0)	(5.0, 1153.0)	(6.0, 2082.0)	(7.0, 4472.0)	(8.0, 9867.0)	(9.0, 16186.0)	(10.0, 24815.0)	(11.0, 36101.0)	(12.0, 49458.0)	(13.0, 64903.0)	(14.0, 80682.0)	(15.0, 96908.0)	(16.0, 119068.0)	(17.0, 148045.0)	(18.0, 183506.0)	(19.0, 231949.0)	(20.0, 286182.0)	(21.0, 348238.0)	(22.0, 418056.0)	(23.0, 496766.0)	(24.0, 586794.0)	(25.0, 687627.0)	(26.0, 805337.0)	(27.0, 937962.0)	(28.0, 1088805.0)	(29.0, 1258276.0)	(30.0, 1474552.0)	(31.0, 1756308.0)	(32.0, 2130006.0)	(33.0, 2623573.0)	(34.0, 3317226.0)	(35.0, 4278864.0)	(36.0, 5129792.0)	(37.0, 3785272.0)	(38.0, 794551.0)	(39.0, 10557.0)	
ERR950170_1	(2.0, 476.0)	(3.0, 508.0)	(4.0, 657.0)	(5.0, 1132.0)	(6.0, 2183.0)	(7.0, 5075.0)	(8.0, 11440.0)	(9.0, 19717.0)	(10.0, 30057.0)	(11.0, 40677.0)	(12.0, 52424.0)	(13.0, 64502.0)	(14.0, 75241.0)	(15.0, 89169.0)	(16.0, 109028.0)	(17.0, 133842.0)	(18.0, 166164.0)	(19.0, 202426.0)	(20.0, 246418.0)	(21.0, 295679.0)	(22.0, 355127.0)	(23.0, 418880.0)	(24.0, 495333.0)	(25.0, 586650.0)	(26.0, 695021.0)	(27.0, 820647.0)	(28.0, 956879.0)	(29.0, 1117886.0)	(30.0, 1319416.0)	(31.0, 1566321.0)	(32.0, 1884418.0)	(33.0, 2298921.0)	(34.0, 2856598.0)	(35.0, 3612049.0)	(36.0, 4307052.0)	(37.0, 3527925.0)	(38.0, 887048.0)	(39.0, 17712.0)	
ERR950171_1	(2.0, 504.0)	(3.0, 448.0)	(4.0, 648.0)	(5.0, 1081.0)	(6.0, 2151.0)	(7.0, 5008.0)	(8.0, 11451.0)	(9.0, 20102.0)	(10.0, 30342.0)	(11.0, 42360.0)	(12.0, 56122.0)	(13.0, 71858.0)	(14.0, 87637.0)	(15.0, 104957.0)	(16.0, 129003.0)	(17.0, 159960.0)	(18.0, 197958.0)	(19.0, 246569.0)	(20.0, 307488.0)	(21.0, 376522.0)	(22.0, 454564.0)	(23.0, 542939.0)	(24.0, 647135.0)	(25.0, 763212.0)	(26.0, 899554.0)	(27.0, 1060222.0)	(28.0, 1237427.0)	(29.0, 1440596.0)	(30.0, 1694971.0)	(31.0, 2020941.0)	(32.0, 2446754.0)	(33.0, 3027083.0)	(34.0, 3834889.0)	(35.0, 4984785.0)	(36.0, 6227402.0)	(37.0, 5367187.0)	(38.0, 1470228.0)	(39.0, 28944.0)	
ERR950172_1	(2.0, 473.0)	(3.0, 359.0)	(4.0, 415.0)	(5.0, 729.0)	(6.0, 1424.0)	(7.0, 3419.0)	(8.0, 8027.0)	(9.0, 13983.0)	(10.0, 21627.0)	(11.0, 29261.0)	(12.0, 37008.0)	(13.0, 45145.0)	(14.0, 53033.0)	(15.0, 60494.0)	(16.0, 70128.0)	(17.0, 84265.0)	(18.0, 101121.0)	(19.0, 121760.0)	(20.0, 144337.0)	(21.0, 169367.0)	(22.0, 197290.0)	(23.0, 229188.0)	(24.0, 269127.0)	(25.0, 316947.0)	(26.0, 379328.0)	(27.0, 456043.0)	(28.0, 547320.0)	(29.0, 645808.0)	(30.0, 755134.0)	(31.0, 918631.0)	(32.0, 1147476.0)	(33.0, 1487851.0)	(34.0, 2036032.0)	(35.0, 2987014.0)	(36.0, 4491335.0)	(37.0, 4855499.0)	(38.0, 1572448.0)	(39.0, 34015.0)	(40.0, 1.0)
ERR950173_1	(2.0, 389.0)	(3.0, 333.0)	(4.0, 410.0)	(5.0, 648.0)	(6.0, 1060.0)	(7.0, 2144.0)	(8.0, 4393.0)	(9.0, 7130.0)	(10.0, 10893.0)	(11.0, 15351.0)	(12.0, 20608.0)	(13.0, 26400.0)	(14.0, 30169.0)	(15.0, 34677.0)	(16.0, 41740.0)	(17.0, 51457.0)	(18.0, 63324.0)	(19.0, 75729.0)	(20.0, 88474.0)	(21.0, 103739.0)	(22.0, 121176.0)	(23.0, 143177.0)	(24.0, 169256.0)	(25.0, 202241.0)	(26.0, 242913.0)	(27.0, 296589.0)	(28.0, 362184.0)	(29.0, 445594.0)	(30.0, 550718.0)	(31.0, 684337.0)	(32.0, 873328.0)	(33.0, 1152971.0)	(34.0, 1611497.0)	(35.0, 2436546.0)	(36.0, 3982670.0)	(37.0, 4585287.0)	(38.0, 1261926.0)	(39.0, 15854.0)	
ERR950174_1	(2.0, 490.0)	(3.0, 447.0)	(4.0, 582.0)	(5.0, 967.0)	(6.0, 1492.0)	(7.0, 2740.0)	(8.0, 5039.0)	(9.0, 8268.0)	(10.0, 13037.0)	(11.0, 18651.0)	(12.0, 25648.0)	(13.0, 34261.0)	(14.0, 42350.0)	(15.0, 51980.0)	(16.0, 63039.0)	(17.0, 78252.0)	(18.0, 95409.0)	(19.0, 115310.0)	(20.0, 136664.0)	(21.0, 159159.0)	(22.0, 185338.0)	(23.0, 213611.0)	(24.0, 247913.0)	(25.0, 290188.0)	(26.0, 343814.0)	(27.0, 411840.0)	(28.0, 497698.0)	(29.0, 602883.0)	(30.0, 741025.0)	(31.0, 919201.0)	(32.0, 1170501.0)	(33.0, 1551942.0)	(34.0, 2168832.0)	(35.0, 3286866.0)	(36.0, 5203688.0)	(37.0, 5226746.0)	(38.0, 1076091.0)	(39.0, 7620.0)	
ERR950175_1	(2.0, 479.0)	(3.0, 487.0)	(4.0, 640.0)	(5.0, 1013.0)	(6.0, 1677.0)	(7.0, 3900.0)	(8.0, 8239.0)	(9.0, 13472.0)	(10.0, 20247.0)	(11.0, 29532.0)	(12.0, 41093.0)	(13.0, 53651.0)	(14.0, 66262.0)	(15.0, 80695.0)	(16.0, 99894.0)	(17.0, 125967.0)	(18.0, 157182.0)	(19.0, 196669.0)	(20.0, 242927.0)	(21.0, 292787.0)	(22.0, 351644.0)	(23.0, 412070.0)	(24.0, 487719.0)	(25.0, 572958.0)	(26.0, 673250.0)	(27.0, 795979.0)	(28.0, 934217.0)	(29.0, 1096006.0)	(30.0, 1293412.0)	(31.0, 1532364.0)	(32.0, 1832143.0)	(33.0, 2236102.0)	(34.0, 2779057.0)	(35.0, 3523682.0)	(36.0, 4200329.0)	(37.0, 3223606.0)	(38.0, 745935.0)	(39.0, 12738.0)	
ERR950176_1	(2.0, 502.0)	(3.0, 592.0)	(4.0, 467.0)	(5.0, 734.0)	(6.0, 1378.0)	(7.0, 3379.0)	(8.0, 7087.0)	(9.0, 12027.0)	(10.0, 18396.0)	(11.0, 25796.0)	(12.0, 34591.0)	(13.0, 45525.0)	(14.0, 56273.0)	(15.0, 68483.0)	(16.0, 82682.0)	(17.0, 103233.0)	(18.0, 132730.0)	(19.0, 166928.0)	(20.0, 208273.0)	(21.0, 254982.0)	(22.0, 310983.0)	(23.0, 364708.0)	(24.0, 429517.0)	(25.0, 509517.0)	(26.0, 609932.0)	(27.0, 727627.0)	(28.0, 842316.0)	(29.0, 942659.0)	(30.0, 1088927.0)	(31.0, 1294981.0)	(32.0, 1575577.0)	(33.0, 1954754.0)	(34.0, 2466793.0)	(35.0, 3183754.0)	(36.0, 3913921.0)	(37.0, 3139295.0)	(38.0, 571456.0)	(39.0, 4525.0)	
ERR950177_1	(2.0, 480.0)	(3.0, 503.0)	(4.0, 490.0)	(5.0, 675.0)	(6.0, 1427.0)	(7.0, 3470.0)	(8.0, 7495.0)	(9.0, 12995.0)	(10.0, 19267.0)	(11.0, 26374.0)	(12.0, 34027.0)	(13.0, 42091.0)	(14.0, 50421.0)	(15.0, 58317.0)	(16.0, 68962.0)	(17.0, 83380.0)	(18.0, 101920.0)	(19.0, 122722.0)	(20.0, 145867.0)	(21.0, 170540.0)	(22.0, 200845.0)	(23.0, 235028.0)	(24.0, 275704.0)	(25.0, 326890.0)	(26.0, 390374.0)	(27.0, 468036.0)	(28.0, 559072.0)	(29.0, 655396.0)	(30.0, 775618.0)	(31.0, 941193.0)	(32.0, 1174457.0)	(33.0, 1515275.0)	(34.0, 2055887.0)	(35.0, 2976436.0)	(36.0, 4366572.0)	(37.0, 4516332.0)	(38.0, 1385155.0)	(39.0, 26877.0)	
ERR950178_1	(2.0, 500.0)	(3.0, 353.0)	(4.0, 447.0)	(5.0, 687.0)	(6.0, 1140.0)	(7.0, 2671.0)	(8.0, 6320.0)	(9.0, 10793.0)	(10.0, 16857.0)	(11.0, 23515.0)	(12.0, 30196.0)	(13.0, 38043.0)	(14.0, 45392.0)	(15.0, 53216.0)	(16.0, 63669.0)	(17.0, 76448.0)	(18.0, 93368.0)	(19.0, 112165.0)	(20.0, 134959.0)	(21.0, 160240.0)	(22.0, 189446.0)	(23.0, 222826.0)	(24.0, 264150.0)	(25.0, 312725.0)	(26.0, 376552.0)	(27.0, 458143.0)	(28.0, 557382.0)	(29.0, 667895.0)	(30.0, 793960.0)	(31.0, 970627.0)	(32.0, 1213999.0)	(33.0, 1569239.0)	(34.0, 2152410.0)	(35.0, 3184602.0)	(36.0, 4938601.0)	(37.0, 5609183.0)	(38.0, 1962303.0)	(39.0, 45807.0)	
ERR950179_1	(2.0, 336.0)	(3.0, 333.0)	(4.0, 435.0)	(5.0, 654.0)	(6.0, 962.0)	(7.0, 1920.0)	(8.0, 3790.0)	(9.0, 6527.0)	(10.0, 10275.0)	(11.0, 14461.0)	(12.0, 19437.0)	(13.0, 24784.0)	(14.0, 29780.0)	(15.0, 35310.0)	(16.0, 41464.0)	(17.0, 50826.0)	(18.0, 61805.0)	(19.0, 74271.0)	(20.0, 87121.0)	(21.0, 101079.0)	(22.0, 117253.0)	(23.0, 136153.0)	(24.0, 159133.0)	(25.0, 186116.0)	(26.0, 220319.0)	(27.0, 264666.0)	(28.0, 321253.0)	(29.0, 390991.0)	(30.0, 481721.0)	(31.0, 601817.0)	(32.0, 773766.0)	(33.0, 1038962.0)	(34.0, 1466589.0)	(35.0, 2254279.0)	(36.0, 3698700.0)	(37.0, 4037870.0)	(38.0, 948407.0)	(39.0, 7502.0)	
ERR950180_1	(2.0, 668.0)	(3.0, 524.0)	(4.0, 605.0)	(5.0, 944.0)	(6.0, 1829.0)	(7.0, 4055.0)	(8.0, 8778.0)	(9.0, 15371.0)	(10.0, 24162.0)	(11.0, 32914.0)	(12.0, 42322.0)	(13.0, 53273.0)	(14.0, 61571.0)	(15.0, 71560.0)	(16.0, 84134.0)	(17.0, 102194.0)	(18.0, 123241.0)	(19.0, 147939.0)	(20.0, 175362.0)	(21.0, 207651.0)	(22.0, 244030.0)	(23.0, 286038.0)	(24.0, 338662.0)	(25.0, 401542.0)	(26.0, 479884.0)	(27.0, 582196.0)	(28.0, 702652.0)	(29.0, 840376.0)	(30.0, 1003759.0)	(31.0, 1232462.0)	(32.0, 1541550.0)	(33.0, 2011453.0)	(34.0, 2783962.0)	(35.0, 4147501.0)	(36.0, 6306475.0)	(37.0, 6799787.0)	(38.0, 2260883.0)	(39.0, 53472.0)	
ERR950181_1	(2.0, 462.0)	(3.0, 436.0)	(4.0, 732.0)	(5.0, 1228.0)	(6.0, 1984.0)	(7.0, 4096.0)	(8.0, 8674.0)	(9.0, 14053.0)	(10.0, 20923.0)	(11.0, 29655.0)	(12.0, 41629.0)	(13.0, 53629.0)	(14.0, 64133.0)	(15.0, 77032.0)	(16.0, 94887.0)	(17.0, 119040.0)	(18.0, 147389.0)	(19.0, 182039.0)	(20.0, 224326.0)	(21.0, 268047.0)	(22.0, 322121.0)	(23.0, 379772.0)	(24.0, 448515.0)	(25.0, 528426.0)	(26.0, 622340.0)	(27.0, 734919.0)	(28.0, 862212.0)	(29.0, 1012020.0)	(30.0, 1190928.0)	(31.0, 1414091.0)	(32.0, 1695675.0)	(33.0, 2064887.0)	(34.0, 2560929.0)	(35.0, 3231517.0)	(36.0, 3864042.0)	(37.0, 2951453.0)	(38.0, 643680.0)	(39.0, 10785.0)	
ERR950182_1	(2.0, 545.0)	(3.0, 483.0)	(4.0, 528.0)	(5.0, 958.0)	(6.0, 1648.0)	(7.0, 3470.0)	(8.0, 7323.0)	(9.0, 12643.0)	(10.0, 18785.0)	(11.0, 25740.0)	(12.0, 33536.0)	(13.0, 41619.0)	(14.0, 48688.0)	(15.0, 56964.0)	(16.0, 69021.0)	(17.0, 84346.0)	(18.0, 102314.0)	(19.0, 119869.0)	(20.0, 139361.0)	(21.0, 161298.0)	(22.0, 187304.0)	(23.0, 217727.0)	(24.0, 254410.0)	(25.0, 304030.0)	(26.0, 367313.0)	(27.0, 445311.0)	(28.0, 545198.0)	(29.0, 664471.0)	(30.0, 812816.0)	(31.0, 989332.0)	(32.0, 1232004.0)	(33.0, 1576921.0)	(34.0, 2113001.0)	(35.0, 3060775.0)	(36.0, 4839216.0)	(37.0, 5487591.0)	(38.0, 1597080.0)	(39.0, 30121.0)	
ERR950183_1	(19.0, 1.0)	(20.0, 1.0)	(21.0, 4.0)	(22.0, 25.0)	(23.0, 127.0)	(24.0, 434.0)	(25.0, 1464.0)	(26.0, 3808.0)	(27.0, 8791.0)	(28.0, 27621.0)	(29.0, 87982.0)	(30.0, 216713.0)	(31.0, 426631.0)	(32.0, 734016.0)	(33.0, 1207239.0)	(34.0, 2016641.0)	(35.0, 3601078.0)	(36.0, 6997711.0)	(37.0, 9836115.0)	(38.0, 4011542.0)	(39.0, 157463.0)	(40.0, 20.0)																	
ERR950184_1	(2.0, 456.0)	(3.0, 446.0)	(4.0, 669.0)	(5.0, 1078.0)	(6.0, 1999.0)	(7.0, 4218.0)	(8.0, 8878.0)	(9.0, 15041.0)	(10.0, 22811.0)	(11.0, 31814.0)	(12.0, 43072.0)	(13.0, 53891.0)	(14.0, 64617.0)	(15.0, 77536.0)	(16.0, 94752.0)	(17.0, 117415.0)	(18.0, 145654.0)	(19.0, 181346.0)	(20.0, 224498.0)	(21.0, 271925.0)	(22.0, 325524.0)	(23.0, 383977.0)	(24.0, 452557.0)	(25.0, 534507.0)	(26.0, 622433.0)	(27.0, 727897.0)	(28.0, 847382.0)	(29.0, 990078.0)	(30.0, 1164872.0)	(31.0, 1382420.0)	(32.0, 1664610.0)	(33.0, 2036113.0)	(34.0, 2535404.0)	(35.0, 3192119.0)	(36.0, 3669463.0)	(37.0, 2719374.0)	(38.0, 610817.0)	(39.0, 10525.0)	
ERR950185_1	(2.0, 531.0)	(3.0, 381.0)	(4.0, 413.0)	(5.0, 706.0)	(6.0, 1055.0)	(7.0, 2299.0)	(8.0, 4686.0)	(9.0, 8092.0)	(10.0, 12273.0)	(11.0, 17711.0)	(12.0, 24155.0)	(13.0, 31334.0)	(14.0, 38517.0)	(15.0, 44633.0)	(16.0, 52788.0)	(17.0, 63793.0)	(18.0, 78368.0)	(19.0, 96045.0)	(20.0, 115479.0)	(21.0, 137263.0)	(22.0, 162303.0)	(23.0, 190923.0)	(24.0, 226579.0)	(25.0, 269937.0)	(26.0, 325864.0)	(27.0, 396094.0)	(28.0, 480160.0)	(29.0, 565140.0)	(30.0, 670643.0)	(31.0, 832156.0)	(32.0, 1058797.0)	(33.0, 1410757.0)	(34.0, 1997849.0)	(35.0, 3052908.0)	(36.0, 4727546.0)	(37.0, 5082350.0)	(38.0, 1648371.0)	(39.0, 36822.0)	
ERR950186_1	(2.0, 495.0)	(3.0, 371.0)	(4.0, 504.0)	(5.0, 899.0)	(6.0, 1734.0)	(7.0, 3814.0)	(8.0, 8227.0)	(9.0, 13731.0)	(10.0, 21150.0)	(11.0, 29606.0)	(12.0, 40025.0)	(13.0, 50320.0)	(14.0, 60375.0)	(15.0, 73547.0)	(16.0, 90482.0)	(17.0, 113596.0)	(18.0, 139857.0)	(19.0, 172084.0)	(20.0, 211488.0)	(21.0, 253931.0)	(22.0, 301348.0)	(23.0, 355562.0)	(24.0, 419842.0)	(25.0, 494503.0)	(26.0, 590105.0)	(27.0, 704280.0)	(28.0, 837905.0)	(29.0, 993696.0)	(30.0, 1182945.0)	(31.0, 1419215.0)	(32.0, 1723044.0)	(33.0, 2124286.0)	(34.0, 2673871.0)	(35.0, 3448086.0)	(36.0, 4316122.0)	(37.0, 3786149.0)	(38.0, 1063462.0)	(39.0, 25614.0)	
ERR950187_1	(2.0, 488.0)	(3.0, 431.0)	(4.0, 672.0)	(5.0, 1103.0)	(6.0, 1986.0)	(7.0, 3975.0)	(8.0, 7475.0)	(9.0, 12172.0)	(10.0, 18417.0)	(11.0, 25271.0)	(12.0, 34011.0)	(13.0, 44065.0)	(14.0, 53247.0)	(15.0, 63727.0)	(16.0, 72853.0)	(17.0, 88473.0)	(18.0, 108319.0)	(19.0, 129444.0)	(20.0, 153453.0)	(21.0, 177778.0)	(22.0, 205724.0)	(23.0, 237982.0)	(24.0, 275807.0)	(25.0, 325388.0)	(26.0, 384686.0)	(27.0, 460882.0)	(28.0, 554900.0)	(29.0, 671610.0)	(30.0, 819640.0)	(31.0, 1025484.0)	(32.0, 1310610.0)	(33.0, 1761979.0)	(34.0, 2509674.0)	(35.0, 3712239.0)	(36.0, 5238720.0)	(37.0, 4179953.0)	(38.0, 691274.0)	(39.0, 4099.0)	
