Sample	0	1	2	3	4	5	6	7	8	9	10	11	12	13	14	15
ERR950158_1	(1.0, 42.637927149178786)	(2.0, 14.478665971745794)	(3.0, 5.324013525288719)	(4.0, 2.707698151736991)	(5.0, 1.6164297608142142)	(6.0, 1.1703667259210842)	(7.0, 0.9467226533061164)	(8.0, 0.7357776163945251)	(9.0, 0.5990122493317872)	('>10', 6.528909266542788)	('>50', 2.0014446388089655)	('>100', 4.542533574312838)	('>500', 2.02321781192607)	('>1k', 4.660639847507329)	('>5k', 2.6377307887602797)	('>10k+', 7.388910268423715)
ERR950159_1	(1.0, 62.06737910933124)	(2.0, 12.798702818526323)	(3.0, 3.248597198765235)	(4.0, 1.4451366303912399)	(5.0, 0.9071695303413939)	(6.0, 0.7063618012521791)	(7.0, 0.587326841892374)	(8.0, 0.513414151491499)	(9.0, 0.4314240858464813)	('>10', 5.98892159510761)	('>50', 1.903325451324219)	('>100', 2.845753395620759)	('>500', 1.1756012864932446)	('>1k', 2.5041795243236593)	('>5k', 1.1106910873162026)	('>10k+', 1.7660154919762625)
ERR950160_1	(1.0, 28.098457250827934)	(2.0, 17.171615282073173)	(3.0, 8.655075328698839)	(4.0, 4.21130831377353)	(5.0, 2.3417431189508253)	(6.0, 1.5434832121569348)	(7.0, 1.0807832000398738)	(8.0, 0.8277287840400444)	(9.0, 0.6596737139881363)	('>10', 6.989318840228869)	('>50', 2.0000976187314277)	('>100', 4.313684241372759)	('>500', 1.9688062287312833)	('>1k', 4.970659009293108)	('>5k', 2.9082577512586227)	('>10k+', 12.25930810583466)
ERR950161_1	(1.0, 34.259991690785924)	(2.0, 18.11453111977093)	(3.0, 8.239696930259724)	(4.0, 3.904737761656602)	(5.0, 2.2066815056488007)	(6.0, 1.3809453686915294)	(7.0, 1.0432115387931806)	(8.0, 0.8075476284331076)	(9.0, 0.6290871730958227)	('>10', 6.242894249701293)	('>50', 1.9398497529538266)	('>100', 4.35839744320316)	('>500', 1.8704245940143072)	('>1k', 4.9247906097495635)	('>5k', 2.135834182033185)	('>10k+', 7.941378451209061)
ERR950162_1	(1.0, 5.995063306232459)	(2.0, 4.468453928389781)	(3.0, 4.886313587316323)	(4.0, 4.659787607108709)	(5.0, 4.124000187518466)	(6.0, 3.338647019222184)	(7.0, 2.4628020412044016)	(8.0, 1.7855354779943624)	(9.0, 1.2655572898801828)	('>10', 6.784964378800187)	('>50', 2.139023212499798)	('>100', 6.278200426087343)	('>500', 3.363314362198358)	('>1k', 8.949505732562955)	('>5k', 5.00007719608008)	('>10k+', 34.49875424690457)
ERR950163_1	(1.0, 49.01392667759028)	(2.0, 11.474920025501362)	(3.0, 3.7412022660842057)	(4.0, 1.8971415332107051)	(5.0, 1.2523305703183234)	(6.0, 0.886483931639696)	(7.0, 0.6680586357453419)	(8.0, 0.5686106217247281)	(9.0, 0.47028106925972973)	('>10', 5.5296653950273145)	('>50', 1.9730844604580002)	('>100', 4.897474378701369)	('>500', 2.2765270282607815)	('>1k', 5.8252084059452995)	('>5k', 2.663627232247614)	('>10k+', 6.861457768285348)
ERR950164_1	(1.0, 49.024360578474216)	(2.0, 11.65666732528491)	(3.0, 3.8923638319112586)	(4.0, 1.9926859589541495)	(5.0, 1.325374488295141)	(6.0, 0.9671204953203669)	(7.0, 0.7115820610390136)	(8.0, 0.5961013535413568)	(9.0, 0.5046434718478547)	('>10', 5.445741361096775)	('>50', 2.0277239767219095)	('>100', 4.885079869638191)	('>500', 1.9033220154133959)	('>1k', 5.392114035214626)	('>5k', 2.447989721210341)	('>10k+', 7.227129456036545)
ERR950165_1	(1.0, 43.113661098774934)	(2.0, 12.284360798904013)	(3.0, 4.470878184323863)	(4.0, 2.2750413970046526)	(5.0, 1.493574492488853)	(6.0, 1.1087235601365348)	(7.0, 0.8266479056615703)	(8.0, 0.6787401059888376)	(9.0, 0.6000782340483649)	('>10', 6.8195541183346045)	('>50', 2.0910576195973003)	('>100', 4.913990051746151)	('>500', 2.1411965706455685)	('>1k', 5.9282999438029025)	('>5k', 2.6166964116892455)	('>10k+', 8.637499506852482)
ERR950166_1	(1.0, 77.0669075102712)	(2.0, 7.622059529691276)	(3.0, 2.22144314587683)	(4.0, 1.2182183478814064)	(5.0, 0.8507426728442116)	(6.0, 0.6646753940725907)	(7.0, 0.5023984612835337)	(8.0, 0.482807730785033)	(9.0, 0.39171892151401955)	('>10', 4.485781059231247)	('>50', 1.1153265490649225)	('>100', 1.4644887746029542)	('>500', 0.4331901831439546)	('>1k', 0.9156500059010768)	('>5k', 0.26335364305679365)	('>10k+', 0.3012380707789171)
ERR950167_1	(1.0, 4.791615477746224)	(2.0, 3.682918884159271)	(3.0, 3.3334632692146946)	(4.0, 2.7269941912454496)	(5.0, 2.033339499413464)	(6.0, 1.4340379312062133)	(7.0, 0.9928465795498674)	(8.0, 0.7079630250620528)	(9.0, 0.5042339313359723)	('>10', 5.34549876071551)	('>50', 2.5132676269341556)	('>100', 7.9842110019853525)	('>500', 4.497062554415477)	('>1k', 13.207430813328521)	('>5k', 7.247595465717535)	('>10k+', 38.997520987970105)
ERR950168_1	(1.0, 27.41816007439771)	(2.0, 10.406628213260502)	(3.0, 4.231146612153353)	(4.0, 2.066885103519994)	(5.0, 1.310462609641452)	(6.0, 0.8658077695157135)	(7.0, 0.7134216624663308)	(8.0, 0.5581382574559972)	(9.0, 0.5031642013966229)	('>10', 5.695961659454545)	('>50', 2.3072755499094564)	('>100', 6.74758227430526)	('>500', 3.9120426494064877)	('>1k', 11.112111304285174)	('>5k', 4.710253358344723)	('>10k+', 17.440958700486682)
ERR950169_1	(1.0, 45.34774702935442)	(2.0, 21.511259813316627)	(3.0, 8.619921648742835)	(4.0, 3.748300550304922)	(5.0, 1.9208758455329669)	(6.0, 1.2402472896596841)	(7.0, 0.9318539431767174)	(8.0, 0.7247693644799335)	(9.0, 0.595604884213548)	('>10', 6.411892108278893)	('>50', 1.8544359284623064)	('>100', 2.5640608227259687)	('>500', 0.8398665916713056)	('>1k', 2.0309644052018356)	('>5k', 0.7484330591264455)	('>10k+', 0.9097667157518032)
ERR950170_1	(1.0, 65.71052466612527)	(2.0, 14.31567149426126)	(3.0, 3.791178824642631)	(4.0, 1.7427602512988496)	(5.0, 1.0865418939696148)	(6.0, 0.8245360008806216)	(7.0, 0.5758824976170074)	(8.0, 0.46819051633375164)	(9.0, 0.44585260871822396)	('>10', 4.775337924190746)	('>50', 1.2443170081385027)	('>100', 1.5970760670518718)	('>500', 0.5282440142964763)	('>1k', 1.1034548096004906)	('>5k', 0.46932695388793644)	('>10k+', 1.321104468986828)
ERR950171_1	(1.0, 72.3929062020888)	(2.0, 7.794062700105409)	(3.0, 2.5629360035676183)	(4.0, 1.4064803559770358)	(5.0, 0.9579182199577289)	(6.0, 0.7380539901229695)	(7.0, 0.6040443268122148)	(8.0, 0.5231831918415326)	(9.0, 0.46840620646514586)	('>10', 5.4076019900448555)	('>50', 1.7629336999075242)	('>100', 2.285113896245725)	('>500', 0.6471835698133416)	('>1k', 1.2786758175231892)	('>5k', 0.4503022701129288)	('>10k+', 0.7201975594139657)
ERR950172_1	(1.0, 33.042150441200384)	(2.0, 16.813662131027595)	(3.0, 7.139171403221499)	(4.0, 3.292872440755529)	(5.0, 1.8320645667919317)	(6.0, 1.273245555661555)	(7.0, 0.8877141713710734)	(8.0, 0.6855864492639036)	(9.0, 0.5840972266009185)	('>10', 6.498705899027233)	('>50', 2.299473283479643)	('>100', 5.449782963589931)	('>500', 2.2727796264396267)	('>1k', 5.77005079435139)	('>5k', 2.277689436533783)	('>10k+', 9.880953610684173)
ERR950173_1	(1.0, 40.20624867777111)	(2.0, 9.60795915292563)	(3.0, 3.5899818384794604)	(4.0, 1.9977476559257783)	(5.0, 1.342676158651306)	(6.0, 1.0104394322216497)	(7.0, 0.7841591802489691)	(8.0, 0.7009959348995115)	(9.0, 0.5582304027619419)	('>10', 6.7462252867815415)	('>50', 2.352072437318481)	('>100', 5.706163598853407)	('>500', 2.843308396513998)	('>1k', 7.154843003152527)	('>5k', 3.045131312047201)	('>10k+', 12.353817531447458)
ERR950174_1	(1.0, 19.842125330462135)	(2.0, 15.332307939301248)	(3.0, 9.806416706166718)	(4.0, 5.375539738147409)	(5.0, 2.893737527680109)	(6.0, 1.7596382005162317)	(7.0, 1.1929024374980497)	(8.0, 0.8545479987202025)	(9.0, 0.6511975235116106)	('>10', 6.8292916103612615)	('>50', 2.17706515642158)	('>100', 5.412832258920058)	('>500', 2.8258979432358804)	('>1k', 7.44261252496508)	('>5k', 3.6874450496500124)	('>10k+', 13.91644205444226)
ERR950175_1	(1.0, 68.89151943334493)	(2.0, 8.555045303709926)	(3.0, 2.60866971197516)	(4.0, 1.4609680993779124)	(5.0, 0.9624712211553166)	(6.0, 0.7453698954777507)	(7.0, 0.5764587932433842)	(8.0, 0.5227972531518226)	(9.0, 0.45451497323367224)	('>10', 5.69157822041023)	('>50', 1.7525836571043834)	('>100', 2.4910424941897125)	('>500', 0.8779339115710345)	('>1k', 2.5068846077161546)	('>5k', 0.5182268478297208)	('>10k+', 1.3839355765090227)
ERR950176_1	(1.0, 29.14580538538666)	(2.0, 13.924861862410387)	(3.0, 7.12676926460688)	(4.0, 3.651131786031854)	(5.0, 2.091524032213026)	(6.0, 1.4715730290856945)	(7.0, 1.147269663187655)	(8.0, 0.9310531234767608)	(9.0, 0.8106491634823749)	('>10', 9.000326053763768)	('>50', 2.397851850278894)	('>100', 5.09284756448471)	('>500', 2.706430872819374)	('>1k', 7.193043277173252)	('>5k', 2.766653377330142)	('>10k+', 10.542209694268632)
ERR950177_1	(1.0, 13.893067162138683)	(2.0, 10.96204960355837)	(3.0, 8.773720619222464)	(4.0, 6.06866653966714)	(5.0, 4.168066581026996)	(6.0, 2.623775451437483)	(7.0, 1.7424345867020523)	(8.0, 1.159083444433754)	(9.0, 0.9046154542959955)	('>10', 7.151467500733993)	('>50', 2.329893504411924)	('>100', 6.190047987068678)	('>500', 3.1604853898959804)	('>1k', 8.638065542332445)	('>5k', 4.6275160840103355)	('>10k+', 17.607044549063634)
ERR950178_1	(1.0, 45.670090932645294)	(2.0, 14.9959638701365)	(3.0, 5.2312699788597214)	(4.0, 2.450156743199798)	(5.0, 1.5917975020625494)	(6.0, 1.0580127643645612)	(7.0, 0.802079715090075)	(8.0, 0.6160517605740543)	(9.0, 0.5216174020002401)	('>10', 5.588195309035559)	('>50', 1.7412289357667503)	('>100', 4.166967937081698)	('>500', 1.703408312263293)	('>1k', 4.692332066164869)	('>5k', 2.2382313183923754)	('>10k+', 6.932595452362456)
ERR950179_1	(1.0, 30.744790740114542)	(2.0, 18.47777299451547)	(3.0, 9.291388505174027)	(4.0, 4.440136712214828)	(5.0, 2.24134222173992)	(6.0, 1.344140363294184)	(7.0, 1.0293652829740174)	(8.0, 0.8010444729277351)	(9.0, 0.5825092262529943)	('>10', 6.212786155275783)	('>50', 2.073530758263871)	('>100', 4.965107823031703)	('>500', 2.2170836613215577)	('>1k', 5.623054466225122)	('>5k', 2.2790733556072587)	('>10k+', 7.676873261066938)
ERR950180_1	(1.0, 40.16235614602358)	(2.0, 11.332186738369723)	(3.0, 3.985300190829297)	(4.0, 2.071475000926176)	(5.0, 1.2592045757400365)	(6.0, 0.8984781784862511)	(7.0, 0.719044011941265)	(8.0, 0.5991675756428628)	(9.0, 0.49088246492197074)	('>10', 5.752150183189007)	('>50', 2.200814221579371)	('>100', 5.574480964647314)	('>500', 2.7534343115771747)	('>1k', 6.714489971230352)	('>5k', 3.4093766438193818)	('>10k+', 12.077158821076294)
ERR950181_1	(1.0, 67.57136950121615)	(2.0, 8.55540008423657)	(3.0, 2.80924383888662)	(4.0, 1.7137603288143253)	(5.0, 1.1752187937700558)	(6.0, 0.8790578062008314)	(7.0, 0.7228365477396319)	(8.0, 0.5818939802308037)	(9.0, 0.47933372089723847)	('>10', 6.1953694088980615)	('>50', 1.770897880515741)	('>100', 2.4310555370496196)	('>500', 0.906727013208203)	('>1k', 2.2437174728010993)	('>5k', 0.6431075266834713)	('>10k+', 1.321010558851465)
ERR950182_1	(1.0, 26.737840637173953)	(2.0, 15.625148340032451)	(3.0, 7.806205328335693)	(4.0, 3.7376716138114543)	(5.0, 1.985479634454649)	(6.0, 1.2124902774075654)	(7.0, 0.8414234826854541)	(8.0, 0.5973063035844088)	(9.0, 0.5335474498109802)	('>10', 5.965733400182212)	('>50', 2.230909267902418)	('>100', 5.692332204455734)	('>500', 3.0059815256492595)	('>1k', 7.792010521993295)	('>5k', 3.4922292813313027)	('>10k+', 12.743690731189137)
ERR950183_1	(1.0, 43.32960880458415)	(2.0, 11.854026653016044)	(3.0, 4.212865814324927)	(4.0, 2.306506673439108)	(5.0, 1.491767422789079)	(6.0, 1.0806427636088707)	(7.0, 0.8593219253665718)	(8.0, 0.6900616653688703)	(9.0, 0.5659564548539702)	('>10', 6.706530203609138)	('>50', 2.15326192095741)	('>100', 4.9188230523337015)	('>500', 2.154307940717816)	('>1k', 5.409059502223555)	('>5k', 3.6945651353620677)	('>10k+', 8.572694067444923)
ERR950184_1	(1.0, 71.66405893655045)	(2.0, 8.176063611482109)	(3.0, 2.491882309744344)	(4.0, 1.331666274751228)	(5.0, 0.8916698652679859)	(6.0, 0.6808422673718749)	(7.0, 0.5665730460897466)	(8.0, 0.46818871602356094)	(9.0, 0.43246241889356607)	('>10', 5.632199342644221)	('>50', 1.7760962775227305)	('>100', 2.319240607885578)	('>500', 0.7504907422295043)	('>1k', 1.422536804429931)	('>5k', 0.5183426109951925)	('>10k+', 0.8776861681180094)
ERR950185_1	(1.0, 40.87644630441486)	(2.0, 13.13009013065651)	(3.0, 4.8255888595550305)	(4.0, 2.4374780922353354)	(5.0, 1.6462765728483726)	(6.0, 1.1484771117839463)	(7.0, 0.9249119065737067)	(8.0, 0.7193437927692861)	(9.0, 0.6097463776023404)	('>10', 7.03106093827038)	('>50', 2.1651944790857804)	('>100', 4.755893296582424)	('>500', 2.1222675651207874)	('>1k', 5.832845364632757)	('>5k', 3.0192043143442695)	('>10k+', 8.755174893524261)
ERR950186_1	(1.0, 68.21544681515014)	(2.0, 8.531406760295349)	(3.0, 2.707372872660164)	(4.0, 1.5968483625248036)	(5.0, 1.1522578822815162)	(6.0, 0.9442096397033547)	(7.0, 0.7138245633295512)	(8.0, 0.5850435008677525)	(9.0, 0.5500779220882158)	('>10', 6.647112767805957)	('>50', 1.7282213430390638)	('>100', 2.351936704245225)	('>500', 0.8578971050118863)	('>1k', 1.6753671792119555)	('>5k', 0.7330701023728682)	('>10k+', 1.0099064794122017)
ERR950187_1	(1.0, 17.393196767584506)	(2.0, 10.521739080809908)	(3.0, 5.14419190890046)	(4.0, 2.500868193364555)	(5.0, 1.3852771139879967)	(6.0, 0.9231912934116275)	(7.0, 0.6394527115975768)	(8.0, 0.5178758423135403)	(9.0, 0.44842260500053055)	('>10', 5.473216992262719)	('>50', 2.2927315827467)	('>100', 7.266216625506705)	('>500', 4.1221941612998245)	('>1k', 11.659517881826154)	('>5k', 5.812383473904054)	('>10k+', 23.899523765483092)
